32
32
10000
50
1.000000
2.000000
2.000000
1.000000
0.100000
0.001000
0.064516
0.064516
-0.0238583614002597955983109301314470940269529819488525390625000000000000000 -0.0238583614002597955983109301314470940269529819488525390625000000000000000 -0.0257629525355746701043013757725930190645158290863037109375000000000000000 -0.0274440438770556550951429386486779549159109592437744140625000000000000000 -0.0295295289751611039763545818459533620625734329223632812500000000000000000 -0.0310199862945081776544054008581952075473964214324951171875000000000000000 -0.0320762931797560699176408149924100143834948539733886718750000000000000000 -0.0323277379274311202350666860638739308342337608337402343750000000000000000 -0.0318336779152011833948776597935648169368505477905273437500000000000000000 -0.0305043635748610507396616497999275452457368373870849609375000000000000000 -0.0284072184329752161491278172888996778056025505065917968750000000000000000 -0.0255784477374531929450007794457633281126618385314941406250000000000000000 -0.0221162569613378295896310987700417172163724899291992187500000000000000000 -0.0181207154166704541287113983116796589456498622894287109375000000000000000 -0.0137210015217836250184246793537568009924143552780151367187500000000000000 -0.0090551556060605928322182478495960822328925132751464843750000000000000000 -0.0042769890172282267956638257544454972958192229270935058593750000000000000 0.0004540571242701442575447068339400402692263014614582061767578125000000000 0.0049720734668119558746779418356709356885403394699096679687500000000000000 0.0091167020574406953947743659227853640913963317871093750000000000000000000 0.0127304189058682157981161608972797694150358438491821289062500000000000000 0.0156830726043817383907885698590689571574330329895019531250000000000000000 0.0178516810964992715671240119945650803856551647186279296875000000000000000 0.0191829858431270816598868123037391342222690582275390625000000000000000000 0.0196094687269104880900094656226428924128413200378417968750000000000000000 0.0192292132395232399921791710539764608256518840789794921875000000000000000 0.0180179515728191089185550310958205955103039741516113281250000000000000000 0.0163660502282768384463285116225961246527731418609619140625000000000000000 0.0141803744329493039422196432042255764827132225036621093750000000000000000 0.0124301292929223407279781810075292014516890048980712890625000000000000000 0.0105990493786116257018958819458021025639027357101440429687500000000000000 0.0105990493786116257018958819458021025639027357101440429687500000000000000 
-0.0238583614002597955983109301314470940269529819488525390625000000000000000 -0.0238583614002597955983109301314470940269529819488525390625000000000000000 -0.0257629525355746701043013757725930190645158290863037109375000000000000000 -0.0274440438770556550951429386486779549159109592437744140625000000000000000 -0.0295295289751611039763545818459533620625734329223632812500000000000000000 -0.0310199862945081776544054008581952075473964214324951171875000000000000000 -0.0320762931797560699176408149924100143834948539733886718750000000000000000 -0.0323277379274311202350666860638739308342337608337402343750000000000000000 -0.0318336779152011833948776597935648169368505477905273437500000000000000000 -0.0305043635748610507396616497999275452457368373870849609375000000000000000 -0.0284072184329752161491278172888996778056025505065917968750000000000000000 -0.0255784477374531929450007794457633281126618385314941406250000000000000000 -0.0221162569613378295896310987700417172163724899291992187500000000000000000 -0.0181207154166704541287113983116796589456498622894287109375000000000000000 -0.0137210015217836250184246793537568009924143552780151367187500000000000000 -0.0090551556060605928322182478495960822328925132751464843750000000000000000 -0.0042769890172282267956638257544454972958192229270935058593750000000000000 0.0004540571242701442575447068339400402692263014614582061767578125000000000 0.0049720734668119558746779418356709356885403394699096679687500000000000000 0.0091167020574406953947743659227853640913963317871093750000000000000000000 0.0127304189058682157981161608972797694150358438491821289062500000000000000 0.0156830726043817383907885698590689571574330329895019531250000000000000000 0.0178516810964992715671240119945650803856551647186279296875000000000000000 0.0191829858431270816598868123037391342222690582275390625000000000000000000 0.0196094687269104880900094656226428924128413200378417968750000000000000000 0.0192292132395232399921791710539764608256518840789794921875000000000000000 0.0180179515728191089185550310958205955103039741516113281250000000000000000 0.0163660502282768384463285116225961246527731418609619140625000000000000000 0.0141803744329493039422196432042255764827132225036621093750000000000000000 0.0124301292929223407279781810075292014516890048980712890625000000000000000 0.0105990493786116257018958819458021025639027357101440429687500000000000000 0.0105990493786116257018958819458021025639027357101440429687500000000000000 
-0.0219804171333083941952679651876678690314292907714843750000000000000000000 -0.0219804171333083941952679651876678690314292907714843750000000000000000000 -0.0239250928022394712679776773711637360975146293640136718750000000000000000 -0.0250629015057251200437882232563424622640013694763183593750000000000000000 -0.0266528177233499724563259292153816204518079757690429687500000000000000000 -0.0276125908748240632417658702024709782563149929046630859375000000000000000 -0.0282974731977856490405809353205768275074660778045654296875000000000000000 -0.0283194354657085207993549857974358019419014453887939453125000000000000000 -0.0277836392429615247623431173451535869389772415161132812500000000000000000 -0.0265827205960734690159963378164320602081716060638427734375000000000000000 -0.0247812317459951553244579258716839831322431564331054687500000000000000000 -0.0223932849993935395582767000632884446531534194946289062500000000000000000 -0.0194982658416823530223016547324732528068125247955322265625000000000000000 -0.0161711588419837827557135057077175588347017765045166015625000000000000000 -0.0125162086947318042240429036837667808867990970611572265625000000000000000 -0.0086437773543214229537978710027346096467226743698120117187500000000000000 -0.0046792070875222675427340668363740405766293406486511230468750000000000000 -0.0007517237812032892714519949350915339891798794269561767578125000000000000 0.0030034234178020814166887308971354286768473684787750244140625000000000000 0.0064575205784130011027466267137242539320141077041625976562500000000000000 0.0094830212167193884270632864286199037451297044754028320312500000000000000 0.0119799164027570726603899586848456237930804491043090820312500000000000000 0.0138482090420462208846252849525626515969634056091308593750000000000000000 0.0150587164226627327062724148731831519398838281631469726562500000000000000 0.0155464920478234434192410517994176188949495553970336914062500000000000000 0.0154232186539857256402097362979475292377173900604248046875000000000000000 0.0146140345452342532844847156070500204805284738540649414062500000000000000 0.0135170928819524725078560223323620448354631662368774414062500000000000000 0.0118444153956026726470796006651653442531824111938476562500000000000000000 0.0106355362216402314634589032493749982677400112152099609375000000000000000 0.0087792406001535490400744521366505068726837635040283203125000000000000000 0.0087792406001535490400744521366505068726837635040283203125000000000000000 
-0.0202303205815208587969866727007683948613703250885009765625000000000000000 -0.0202303205815208587969866727007683948613703250885009765625000000000000000 -0.0228323187818438300134005203290143981575965881347656250000000000000000000 -0.0240029806087943969883369277340534608811140060424804687500000000000000000 -0.0257214714237001540464433446686598472297191619873046875000000000000000000 -0.0266532721139885082906051394502355833537876605987548828125000000000000000 -0.0273409762907295336709090349813777720555663108825683593750000000000000000 -0.0273484872097076170405216544168069958686828613281250000000000000000000000 -0.0268335746775341006664650223001444828696548938751220703125000000000000000 -0.0256785356621779814467743108252761885523796081542968750000000000000000000 -0.0239602819444232582879461546099264523945748805999755859375000000000000000 -0.0216867442225901103924901036634764750488102436065673828125000000000000000 -0.0189357759647423087856488166380586335435509681701660156250000000000000000 -0.0157749725585782443748605885502911405637860298156738281250000000000000000 -0.0123020765868426234374011229988354898523539304733276367187500000000000000 -0.0086192250709021360488559793111562612466514110565185546875000000000000000 -0.0048440874997197416740313258287642383947968482971191406250000000000000000 -0.0010980584875674322380828540346442423469852656126022338867187500000000000 0.0024903135041483767664338699887593975290656089782714843750000000000000000 0.0057986805428902775047528272978070162935182452201843261718750000000000000 0.0087034260869435723512177460747807344887405633926391601562500000000000000 0.0111089143709421460382014146262008580379188060760498046875000000000000000 0.0129135627241380394197856062987739278469234704971313476562500000000000000 0.0140915860113549826215795235384575789794325828552246093750000000000000000 0.0145637059773325097666862859568936983123421669006347656250000000000000000 0.0144510632669039434938795807283895555883646011352539062500000000000000000 0.0136274811668687222815377069196074444334954023361206054687500000000000000 0.0125406047222400337387560043111989216413348913192749023437500000000000000 0.0107236778101978645627578856647232896648347377777099609375000000000000000 0.0094655242628730283660498656672643846832215785980224609375000000000000000 0.0069702817893798297774199390630656125722452998161315917968750000000000000 0.0069702817893798297774199390630656125722452998161315917968750000000000000 
-0.0180079565905869980191322810014753486029803752899169921875000000000000000 -0.0180079565905869980191322810014753486029803752899169921875000000000000000 -0.0213255688220410598299192628246601088903844356536865234375000000000000000 -0.0224849368924215434195623686264298157766461372375488281250000000000000000 -0.0243066326235163027158492354828922543674707412719726562500000000000000000 -0.0251530077887132039182738196814170805737376213073730468750000000000000000 -0.0258059059922637334949513387982733547687530517578125000000000000000000000 -0.0257715769085473528354768291137588676065206527709960937500000000000000000 -0.0252772892900263342064182126023297314532101154327392578125000000000000000 -0.0241922363573828617944183605459329555742442607879638671875000000000000000 -0.0226086176294145665965906744077074108645319938659667968750000000000000000 -0.0205247443134996265801106574144796468317508697509765625000000000000000000 -0.0180143817432135387723857178343678242526948451995849609375000000000000000 -0.0151330216872099590497136034628056222572922706604003906250000000000000000 -0.0119671808756035922410854155373272078577429056167602539062500000000000000 -0.0086053154202029823183206502790199010632932186126708984375000000000000000 -0.0051519749055394335052193710566825757268816232681274414062500000000000000 -0.0017151292331942125535954035697727704246062785387039184570312500000000000 0.0015886422381329648716857816381775592162739485502243041992187500000000000 0.0046484518535903126407182739399104320909827947616577148437500000000000000 0.0073487252323620518706936977082477824296802282333374023437500000000000000 0.0096021009045937320836028305848230957053601741790771484375000000000000000 0.0113068009104728191965838490773421654012054204940795898437500000000000000 0.0124426675653591251036189646583807189017534255981445312500000000000000000 0.0129114955189915999594907347614025638904422521591186523437500000000000000 0.0128456153646500422643716987636253179516643285751342773437500000000000000 0.0120488292270115437271327252233277249615639448165893554687500000000000000 0.0110285270766481979798356860555941238999366760253906250000000000000000000 0.0090856026136444997115537702825349697377532720565795898437500000000000000 0.0078145351804473003887174797910120105370879173278808593750000000000000000 0.0046084738016547071096096210851555952103808522224426269531250000000000000 0.0046084738016547071096096210851555952103808522224426269531250000000000000 
-0.0162236156001148261462940780575081589631736278533935546875000000000000000 -0.0162236156001148261462940780575081589631736278533935546875000000000000000 -0.0203920491091065039790386492768448079004883766174316406250000000000000000 -0.0216893850897877001060454205116911907680332660675048828125000000000000000 -0.0237928530929162641849305970254135900177061557769775390625000000000000000 -0.0247016572613648725809110118234457331709563732147216796875000000000000000 -0.0254370343865564889351826849406279507093131542205810546875000000000000000 -0.0254278184892864980715110334585915552452206611633300781250000000000000000 -0.0249727179545140356986543395123590016737580299377441406250000000000000000 -0.0239254878216579279504028221481348737142980098724365234375000000000000000 -0.0223982781429531187245007828323650755919516086578369140625000000000000000 -0.0203835945662925455135194852118729613721370697021484375000000000000000000 -0.0179570571916840317217012312767110415734350681304931640625000000000000000 -0.0151679385369409384931582707167763146571815013885498046875000000000000000 -0.0120982474553150993329397877573683217633515596389770507812500000000000000 -0.0088297964182424710372076859243861690629273653030395507812500000000000000 -0.0054617195425660453392269211292386899003759026527404785156250000000000000 -0.0020967889692579434746111388676581555046141147613525390625000000000000000 0.0011514860363541861137254285196718228689860552549362182617187500000000000 0.0041744248417636790893237019872685777954757213592529296875000000000000000 0.0068547549352996218346989465430851851124316453933715820312500000000000000 0.0091041923026051775613698424649555818177759647369384765625000000000000000 0.0108114072698746628564681060424845782108604907989501953125000000000000000 0.0119554907950535516808487912499003869015723466873168945312500000000000000 0.0124123977814319733092851549827173585072159767150878906250000000000000000 0.0123280945849485665255507171877979999408125877380371093750000000000000000 0.0114337176941599460294751722244654956739395856857299804687500000000000000 0.0103206168464877248713840174332290189340710639953613281250000000000000000 0.0080552261651897563710100769185373792424798011779785156250000000000000000 0.0066091901746539900852628335314875585027039051055908203125000000000000000 0.0025362733508080344442536802063159484532661736011505126953125000000000000 0.0025362733508080344442536802063159484532661736011505126953125000000000000 
-0.0147720692350365723211069735043565742671489715576171875000000000000000000 -0.0147720692350365723211069735043565742671489715576171875000000000000000000 -0.0197743274378966472915042373870164738036692142486572265625000000000000000 -0.0212131591661428864359351109669660218060016632080078125000000000000000000 -0.0236078778684896094242073871782849892042577266693115234375000000000000000 -0.0245829344960357895621960722110088681802153587341308593750000000000000000 -0.0254043822847860902014449635544224292971193790435791015625000000000000000 -0.0254175193737626210765956358272887882776558399200439453125000000000000000 -0.0249959643861798613828639759049110580235719680786132812500000000000000000 -0.0239760963804744493821363704455507104285061359405517578125000000000000000 -0.0224913993848103350992051474577237968333065509796142578125000000000000000 -0.0205279896117672409905363650750587112270295619964599609375000000000000000 -0.0181637341195957369155422611584072001278400421142578125000000000000000000 -0.0154414306663418748194471774581870704423636198043823242187500000000000000 -0.0124386319556895243859662159024992433842271566390991210937500000000000000 -0.0092304226486098501364141455383105494547635316848754882812500000000000000 -0.0059106638086337034282413682717560732271522283554077148437500000000000000 -0.0025771851864821583404097093961127029615454375743865966796875000000000000 0.0006589523864379531184129468179833111207699403166770935058593750000000000 0.0036904402747065336888587783192861024872399866580963134765625000000000000 0.0063968300966408915206318219759396015433594584465026855468750000000000000 0.0086874507107992070265023443198515451513230800628662109375000000000000000 0.0104387500689024498301549215284467209130525588989257812500000000000000000 0.0116276048755872742773709305197371577378362417221069335937500000000000000 0.0120998506832067052874091217518071061931550502777099609375000000000000000 0.0120159678295841555045742055085611355025321245193481445312500000000000000 0.0110274331645614162566992888514505466446280479431152343750000000000000000 0.0098187347537327107627191935534938238561153411865234375000000000000000000 0.0072099310231534281118159768197983794379979372024536132812500000000000000 0.0055762136627276262523800198778189951553940773010253906250000000000000000 0.0006248874995808350023968058550849491439294070005416870117187500000000000 0.0006248874995808350023968058550849491439294070005416870117187500000000000 
-0.0140375860352136647840604055659241566900163888931274414062500000000000000 -0.0140375860352136647840604055659241566900163888931274414062500000000000000 -0.0198745220295048520553482518380405963398516178131103515625000000000000000 -0.0214882213365298474494480274188390467315912246704101562500000000000000000 -0.0242128180879184334850506843395123723894357681274414062500000000000000000 -0.0252895773790008382420069210638757795095443725585937500000000000000000000 -0.0262227169248694796932497297348163556307554244995117187500000000000000000 -0.0262668471611765368123325714577731559984385967254638671875000000000000000 -0.0258690885974325046614552547907806001603603363037109375000000000000000000 -0.0248461591603078395251724685977023909799754619598388671875000000000000000 -0.0233536638576096397534875848123192554339766502380371093750000000000000000 -0.0213719418629992365110670249350732774473726749420166015625000000000000000 -0.0189830315367030370843348663356664474122226238250732421875000000000000000 -0.0162252794903641021917461984003239194862544536590576171875000000000000000 -0.0131744009111544237849988903121811745222657918930053710937500000000000000 -0.0099015819091665280976544138979988929349929094314575195312500000000000000 -0.0064986478807989196682104449109829147346317768096923828125000000000000000 -0.0030620042251089068900682388374434594879858195781707763671875000000000000 0.0002957938273804495586324914135900598921580240130424499511718750000000000 0.0034646394497185885839873886737905195332132279872894287109375000000000000 0.0063162640652815434452738152515394176589325070381164550781250000000000000 0.0087531976143427267511576417291507823392748832702636718750000000000000000 0.0106346968525929935073248699950454465579241514205932617187500000000000000 0.0119321876643654310734543599892276688478887081146240234375000000000000000 0.0124569823765033251689038351628369127865880727767944335937500000000000000 0.0123853088309146992795906072615252924151718616485595703125000000000000000 0.0112860297294793358174880282263075059745460748672485351562500000000000000 0.0099483754156745457519761544062930624932050704956054687500000000000000000 0.0069436613938746406457513948851101304171606898307800292968750000000000000 0.0050788180670459370791292030844488181173801422119140625000000000000000000 -0.0007891464935158145959856468287796360527863726019859313964843750000000000 -0.0007891464935158145959856468287796360527863726019859313964843750000000000 
-0.0140694052249413920074871953147521708160638809204101562500000000000000000 -0.0140694052249413920074871953147521708160638809204101562500000000000000000 -0.0207092222060571741482082330776393064297735691070556640625000000000000000 -0.0224926567980628031029333158130611991509795188903808593750000000000000000 -0.0255386557052249864308013371783090406097471714019775390625000000000000000 -0.0267101390825923018512710882532701361924409866333007812500000000000000000 -0.0277444135772453547017502017979495576582849025726318359375000000000000000 -0.0278035895773655651608269323560307384468615055084228515625000000000000000 -0.0274074846558084658787457499329320853576064109802246093750000000000000000 -0.0263518611692997659079473748988675652071833610534667968750000000000000000 -0.0248144036953691117519671394120450713671743869781494140625000000000000000 -0.0227692807734056409940670562264131149277091026306152343750000000000000000 -0.0203029369829387899837325193175274762324988842010498046875000000000000000 -0.0174494248751655249562997340717629413120448589324951171875000000000000000 -0.0142830758783806990169784612021430802997201681137084960937500000000000000 -0.0108716956523588013233672100454896281007677316665649414062500000000000000 -0.0073058274517373376216733404930891992989927530288696289062500000000000000 -0.0036813921820159373893277532374668226111680269241333007812500000000000000 -0.0001137421658617816756439711234349942969856783747673034667968750000000000 0.0032826298499886432877281627895627025282010436058044433593750000000000000 0.0063694313019036531697825154196834773756563663482666015625000000000000000 0.0090400612626915042430164604070341738406568765640258789062500000000000000 0.0111332497369834304556945880904095247387886047363281250000000000000000000 0.0126125284542791572806041955345790483988821506500244140625000000000000000 0.0132503102292035861847763200671579397749155759811401367187500000000000000 0.0132382647482043504932880395585925725754350423812866210937500000000000000 0.0120572752346449329347022327851846057455986738204956054687500000000000000 0.0106078650806940410350476255985086027067154645919799804687500000000000000 0.0072048424005188727720083718963905994314700365066528320312500000000000000 0.0051065145211228665789171543565316824242472648620605468750000000000000000 -0.0016929042584122617077363459614502971817273646593093872070312500000000000 -0.0016929042584122617077363459614502971817273646593093872070312500000000000 
-0.0150665911763066106415775990967631514649838209152221679687500000000000000 -0.0150665911763066106415775990967631514649838209152221679687500000000000000 -0.0224880948123873242172621189638448413461446762084960937500000000000000000 -0.0244381049429446238485663656092583551071584224700927734375000000000000000 -0.0277976256428278077625915187809368944726884365081787109375000000000000000 -0.0290558060538673584849433950694219674915075302124023437500000000000000000 -0.0301773534385816194491880537498218473047018051147460937500000000000000000 -0.0302305165772635553445013556483900174498558044433593750000000000000000000 -0.0298062271590720899439030944222395191900432109832763671875000000000000000 -0.0286781624798285623978433278580268961377441883087158203125000000000000000 -0.0270457584626538731498168743883070419542491436004638671875000000000000000 -0.0248767769144327584307507805760906194336712360382080078125000000000000000 -0.0222623511090916034738107498469616984948515892028808593750000000000000000 -0.0192326362993857843952660857667069649323821067810058593750000000000000000 -0.0158612606279193886493761311839989502914249897003173828125000000000000000 -0.0122134812848148383707114206231381103862076997756958007812500000000000000 -0.0083796376197821514919539254151459317654371261596679687500000000000000000 -0.0044564883799982106180048724297648732317611575126647949218750000000000000 -0.0005638907773684953637222116995530996064189821481704711914062500000000000 0.0031772121161291817965921513433613654342480003833770751953125000000000000 0.0066157980907097790890247779316268861293792724609375000000000000000000000 0.0096332001772386228327649249081332527566701173782348632812500000000000000 0.0120436971773180950123771637549907609354704618453979492187500000000000000 0.0137997899922236745562376114548897021450102329254150390625000000000000000 0.0146300264650438115870967337173169653397053480148315429687500000000000000 0.0147406417946955494574501344118289125617593526840209960937500000000000000 0.0135184900281445797426416177700048137921839952468872070312500000000000000 0.0119822110900521007492702807439854950644075870513916015625000000000000000 0.0081794244235605939596922553391777910292148590087890625000000000000000000 0.0058448819472850339559744092809978610603138804435729980468750000000000000 -0.0019217338264000988646423850880751160730142146348953247070312500000000000 -0.0019217338264000988646423850880751160730142146348953247070312500000000000 
-0.0171328332803469887690717143868823768571019172668457031250000000000000000 -0.0171328332803469887690717143868823768571019172668457031250000000000000000 -0.0253122134038133404787540570168857811950147151947021484375000000000000000 -0.0274134017122554807244227959017734974622726440429687500000000000000000000 -0.0310636182862290867456867005103049450553953647613525390625000000000000000 -0.0323840045735901138623802353322389535605907440185546875000000000000000000 -0.0335635724833936721633875777115463279187679290771484375000000000000000000 -0.0335770573438742211958007999328401638194918632507324218750000000000000000 -0.0330858268483565226558695826497569214552640914916992187500000000000000000 -0.0318410246510012762133357000493560917675495147705078125000000000000000000 -0.0300634609990145552915752347189481952227652072906494140625000000000000000 -0.0277140558622071403460651595196395646780729293823242187500000000000000000 -0.0248882868054463683715749056091226520948112010955810546875000000000000000 -0.0216120620495905101099420875243595219217240810394287109375000000000000000 -0.0179580055282551054318673777743242681026458740234375000000000000000000000 -0.0139885890160131275139487883052424876950681209564208984375000000000000000 -0.0097938338861744481111948346097051398828625679016113281250000000000000000 -0.0054714416502997260255414246898908459115773439407348632812500000000000000 -0.0011462474325468904271657644144966070598457008600234985351562500000000000 0.0030534166517689120476375386203926609596237540245056152343750000000000000 0.0069620830545157469382289150416909251362085342407226562500000000000000000 0.0104467394737041471136640424788311065640300512313842773437500000000000000 0.0132936020205407061378632960213508340530097484588623046875000000000000000 0.0154407354223878145321746657714356842916458845138549804687500000000000000 0.0165669765441847673115294270473896176554262638092041015625000000000000000 0.0168908396749634613642765401664291857741773128509521484375000000000000000 0.0156963689060082775550419853516359580680727958679199218750000000000000000 0.0141255362636648548746443054824339924380183219909667968750000000000000000 0.0099415649428866575965102470036072190850973129272460937500000000000000000 0.0073842637146933542621751733747714752098545432090759277343750000000000000 -0.0013922775079339541528383739077412428741808980703353881835937500000000000 -0.0013922775079339541528383739077412428741808980703353881835937500000000000 
-0.0204187156346726655931078653338772710412740707397460937500000000000000000 -0.0204187156346726655931078653338772710412740707397460937500000000000000000 -0.0293391207561300264294867901071484084241092205047607421875000000000000000 -0.0315730003387122148961196899108472280204296112060546875000000000000000000 -0.0354871720336724649769166717305779457092285156250000000000000000000000000 -0.0368382121231577430719994481478352099657058715820312500000000000000000000 -0.0380387044295922779890695153426349861547350883483886718750000000000000000 -0.0379705297704165598005054960140114417299628257751464843750000000000000000 -0.0373654467745868079653348559077130630612373352050781250000000000000000000 -0.0359520023165255109276472467172425240278244018554687500000000000000000000 -0.0339720692604216639720604575813922565430402755737304687500000000000000000 -0.0313793551611316265392837010494986316189169883728027343750000000000000000 -0.0282731277868639684081042418029028340242803096771240234375000000000000000 -0.0246744799089098701405653457641165005043148994445800781250000000000000000 -0.0206543425813922876255190885785850696265697479248046875000000000000000000 -0.0162717548575049449077756236192726646549999713897705078125000000000000000 -0.0116158025357597054216807208604222978465259075164794921875000000000000000 -0.0067847365765825017741574853857855487149208784103393554687500000000000000 -0.0019083198844989106464364869708560945582576096057891845703125000000000000 0.0028772095322508041241593712555868478375487029552459716796875000000000000 0.0073905775807378282227233512458042241632938385009765625000000000000000000 0.0114822189300081058810354406318765541072934865951538085937500000000000000 0.0149065551955936508032873888396352413110435009002685546875000000000000000 0.0175832103063903177897486784786451607942581176757812500000000000000000000 0.0191344874038059734044914250716828973963856697082519531250000000000000000 0.0197876192359859801039867477356892777606844902038574218750000000000000000 0.0187126596968721428670967554808157728984951972961425781250000000000000000 0.0171795497098933963586731010764196980744600296020507812500000000000000000 0.0126438699781760803542152160616751643829047679901123046875000000000000000 0.0098854640090653908557349893726495793089270591735839843750000000000000000 0.0000409970455107549688889001515690324595198035240173339843750000000000000 0.0000409970455107549688889001515690324595198035240173339843750000000000000 
-0.0250639672934429708073267306644993368536233901977539062500000000000000000 -0.0250639672934429708073267306644993368536233901977539062500000000000000000 -0.0347119522387132062313241931406082585453987121582031250000000000000000000 -0.0370528763666395644094109229627065360546112060546875000000000000000000000 -0.0411956280176994857344929812370537547394633293151855468750000000000000000 -0.0425336019156346070713148321829066844657063484191894531250000000000000000 -0.0437055358368746080244271468018268933519721031188964843750000000000000000 -0.0435018602931941320011155482916365144774317741394042968750000000000000000 -0.0427258527688546552170123504765797406435012817382812500000000000000000000 -0.0410840809789597971590779934558668173849582672119140625000000000000000000 -0.0388393606108725850112328714658360695466399192810058593750000000000000000 -0.0359378926173612722738681668488425202667713165283203125000000000000000000 -0.0324818143710483633879171350145043106749653816223144531250000000000000000 -0.0284863838379980256754198109092612867243587970733642578125000000000000000 -0.0240194125366788163722375770703365560621023178100585937500000000000000000 -0.0191350378920512737002113112794177141040563583374023437500000000000000000 -0.0139197953835786831372489658065205730963498353958129882812500000000000000 -0.0084710562808217731989302023976051714271306991577148437500000000000000000 -0.0029223449275552512531539672835378951276652514934539794921875000000000000 0.0025826872228276653506440219132400670787319540977478027343750000000000000 0.0078465507056909872957151108607831702101975679397583007812500000000000000 0.0127014584792862379736266831287139211781322956085205078125000000000000000 0.0168665873023701520794226382804481545463204383850097656250000000000000000 0.0202385641838941122971906594329993822611868381500244140625000000000000000 0.0223752867506765637517496259079052833840250968933105468750000000000000000 0.0235071965736512976385963469283524318598210811614990234375000000000000000 0.0226761113067589642477983602475433144718408584594726562500000000000000000 0.0212826422759464957412678387527193990536034107208251953125000000000000000 0.0164447018594055527351827095117187127470970153808593750000000000000000000 0.0135218092258666214983131581561792700085788965225219726562500000000000000 0.0025421603746066940947290202501562816905789077281951904296875000000000000 0.0025421603746066940947290202501562816905789077281951904296875000000000000 
-0.0312180871679196662860089617197445477358996868133544921875000000000000000 -0.0312180871679196662860089617197445477358996868133544921875000000000000000 -0.0415845351178955116577817818779294611886143684387207031250000000000000000 -0.0440003716497668617702032634042552672326564788818359375000000000000000000 -0.0483286335341004610888226977749582147225737571716308593750000000000000000 -0.0495982644892688645521516832559427712112665176391601562500000000000000000 -0.0506800544112081807757164142458350397646427154541015625000000000000000000 -0.0502750380503568378154355400511121843010187149047851562500000000000000000 -0.0492601471036905047551357483825995586812496185302734375000000000000000000 -0.0473213363137775580580246526096743764355778694152832031250000000000000000 -0.0447423678118805470682595171183493221178650856018066406250000000000000000 -0.0414618498956150563494738037206843728199601173400878906250000000000000000 -0.0375835650194499479304077738106570905074477195739746093750000000000000000 -0.0331156361876949675848713638970366446301341056823730468750000000000000000 -0.0281207324862381806418465401975481654517352581024169921875000000000000000 -0.0226459794763555384566888761810332653112709522247314453125000000000000000 -0.0167728993682943541831953382370556937530636787414550781250000000000000000 -0.0105956580817412708561686685015956754796206951141357421875000000000000000 -0.0042493280632640998209503813143328443402424454689025878906250000000000000 0.0021164938845134174776052571331774743157438933849334716796875000000000000 0.0082887456286954153128476718848105520009994506835937500000000000000000000 0.0140803817897343693660294761116347217466682195663452148437500000000000000 0.0191724694958712825465507734179482213221490383148193359375000000000000000 0.0234336283675906434376123854690376901999115943908691406250000000000000000 0.0263488748440837451669782609542380669154226779937744140625000000000000000 0.0281441946357037058035199805772208492271602153778076171875000000000000000 0.0277163762684361769661478547277511097490787506103515625000000000000000000 0.0265966141552921725432767630081798415631055831909179687500000000000000000 0.0215292379036825971827529002666778978891670703887939453125000000000000000 0.0184958178517820141795180433064160752110183238983154296875000000000000000 0.0063088063666160935222260164323415665421634912490844726562500000000000000 0.0063088063666160935222260164323415665421634912490844726562500000000000000 
-0.0390730897733636492463737965863401768729090690612792968750000000000000000 -0.0390730897733636492463737965863401768729090690612792968750000000000000000 -0.0501547758362869133819117450912017375230789184570312500000000000000000000 -0.0526026440601497433102728962239780230447649955749511718750000000000000000 -0.0570595433510296887180679448192677227780222892761230468750000000000000000 -0.0581862225652023390409794956212863326072692871093750000000000000000000000 -0.0590958473243525586604540933421958470717072486877441406250000000000000000 -0.0584038049340610126991535366869356948882341384887695312500000000000000000 -0.0570640973241014343164678734865447040647268295288085937500000000000000000 -0.0547447672410009134047470524819800630211830139160156250000000000000000000 -0.0517506139745648463534877237179898656904697418212890625000000000000000000 -0.0480129156802737849796258728929387871176004409790039062500000000000000000 -0.0436354033221711262724440416604920756071805953979492187500000000000000000 -0.0386173762619861152267652926184382522478699684143066406250000000000000000 -0.0330134994100130738092779836279078153893351554870605468750000000000000000 -0.0268608919730799478031713078962638974189758300781250000000000000000000000 -0.0202324270257242394555063924599380698055028915405273437500000000000000000 -0.0132154866172847496041953263556933961808681488037109375000000000000000000 -0.0059429828155424429050879275848728866549208760261535644531250000000000000 0.0014324507105194122288244207297225329966749995946884155273437500000000000 0.0086844572526237652498881658402751781977713108062744140625000000000000000 0.0156067796810794006540090705925649672280997037887573242187500000000000000 0.0218406974982695394060794313872975180856883525848388671875000000000000000 0.0272213877074687915502693158487090840935707092285156250000000000000000000 0.0311522312828198984224759016115058329887688159942626953125000000000000000 0.0338438362909965068103801399956864770501852035522460937500000000000000000 0.0340284629706249716618593481598509242758154869079589843750000000000000000 0.0333622861714661725351938059702661121264100074768066406250000000000000000 0.0281740235166807184707948863433557562530040740966796875000000000000000000 0.0251090428288875885942665888705960242077708244323730468750000000000000000 0.0116403194703692189349020225108688464388251304626464843750000000000000000 0.0116403194703692189349020225108688464388251304626464843750000000000000000 
-0.0487838729011009775149432243779301643371582031250000000000000000000000000 -0.0487838729011009775149432243779301643371582031250000000000000000000000000 -0.0605798157409169271692128688755474286153912544250488281250000000000000000 -0.0630032996520142885010784539190353825688362121582031250000000000000000000 -0.0675153295792321195278873346978798508644104003906250000000000000000000000 -0.0684035288656578283061904244277684483677148818969726562500000000000000000 -0.0690373186402651189963464162246964406222105026245117187500000000000000000 -0.0679527468954690405666951846797019243240356445312500000000000000000000000 -0.0661847265433747333762681819280260242521762847900390625000000000000000000 -0.0633878094254260865403338698342849966138601303100585937500000000000000000 -0.0598875547336364041917100564660358941182494163513183593750000000000000000 -0.0556087090005308870566125278855906799435615539550781250000000000000000000 -0.0506526873017845227775701744121761294081807136535644531250000000000000000 -0.0450080727940554078947421601242240285500884056091308593750000000000000000 -0.0387179429395715091200003143967478536069393157958984375000000000000000000 -0.0318057505959594005728874321903276722878217697143554687500000000000000000 -0.0243310903804393983962395253684007911942899227142333984375000000000000000 -0.0163699050256569701711217845740975462831556797027587890625000000000000000 -0.0080477987039435146948695987134669849183410406112670898437500000000000000 0.0004839289112278071913059163122738937090616673231124877929687500000000000 0.0089898584074661353621182868778305419255048036575317382812500000000000000 0.0172460154122395029063774529731745133176445960998535156250000000000000000 0.0248543569243203157914656742377701448276638984680175781250000000000000000 0.0316113424663802614067442675604979740455746650695800781250000000000000000 0.0368313867742426775953035189559159334748983383178710937500000000000000000 0.0406955489329451775004642399835574906319379806518554687500000000000000000 0.0417516888110893158447822770540369674563407897949218750000000000000000000 0.0417676334950758537667425684958288911730051040649414062500000000000000000 0.0366116904464297635013458886987791629508137702941894531250000000000000000 0.0336271115329785444392207693908858345821499824523925781250000000000000000 0.0188166164271587506295890790397606906481087207794189453125000000000000000 0.0188166164271587506295890790397606906481087207794189453125000000000000000 
-0.0606672015545471204900351835931360255926847457885742187500000000000000000 -0.0606672015545471204900351835931360255926847457885742187500000000000000000 -0.0731873012102384201682525599608197808265686035156250000000000000000000000 -0.0755050546231907926397752817138098180294036865234375000000000000000000000 -0.0799642706917563644841706604893261101096868515014648437500000000000000000 -0.0804754683574975954174490766490634996443986892700195312500000000000000000 -0.0806839430488951597775226787234714720398187637329101562500000000000000000 -0.0790588824990314520402279185873339883983135223388671875000000000000000000 -0.0767204457298694686429030298313591629266738891601562500000000000000000000 -0.0733173646631419678731944600258430000394582748413085937500000000000000000 -0.0691948707154595166191057842297595925629138946533203125000000000000000000 -0.0642726867469845669633699003497895319014787673950195312500000000000000000 -0.0586465068393240071542571456575387855991721153259277343750000000000000000 -0.0522917455863508642832648831699771108105778694152832031250000000000000000 -0.0452350144666102543800079160973837133496999740600585937500000000000000000 -0.0374812692945477657358033241052908124402165412902832031250000000000000000 -0.0290706199294876142802390717179150669835507869720458984375000000000000000 -0.0200612474795617071188225111200154060497879981994628906250000000000000000 -0.0105641590362239943395872288078862766269594430923461914062500000000000000 -0.0007227686864960566589036194962147874321090057492256164550781250000000000 0.0092255679408679083786104513364989543333649635314941406250000000000000000 0.0190428263058830642140417666041685151867568492889404296875000000000000000 0.0282953788475927628387474044302507536485791206359863281250000000000000000 0.0367358531288299733352786802242917474359273910522460937500000000000000000 0.0435846962301336057765688281051552621647715568542480468750000000000000000 0.0489735204588615941068141523828671779483556747436523437500000000000000000 0.0512456572661931716861083430103462887927889823913574218750000000000000000 0.0522526827768863694201328939925588201731443405151367187500000000000000000 0.0473541723362744110259470176060858648270368576049804687500000000000000000 0.0446098885751272586364102323841507313773036003112792968750000000000000000 0.0284069362611147971375835652452224167063832283020019531250000000000000000 0.0284069362611147971375835652452224167063832283020019531250000000000000000 
-0.0748321937933600911385667586728231981396675109863281250000000000000000000 -0.0748321937933600911385667586728231981396675109863281250000000000000000000 -0.0880788900837193716730766368527838494628667831420898437500000000000000000 -0.0901818303612065275132181341177783906459808349609375000000000000000000000 -0.0944444895093358993687360225521842949092388153076171875000000000000000000 -0.0944049114919937454315501668133947532624006271362304687500000000000000000 -0.0940024772970692173990059359311999287456274032592773437500000000000000000 -0.0916605959372971401677432368160225450992584228515625000000000000000000000 -0.0885854615761400704387895643776573706418275833129882812500000000000000000 -0.0844315352271346325485623651729838456958532333374023437500000000000000000 -0.0795602433592914881632651713516679592430591583251953125000000000000000000 -0.0738888631451243838021980536723276600241661071777343750000000000000000000 -0.0675026729548820758619598336736089549958705902099609375000000000000000000 -0.0603614863104578111552278585349995410069823265075683593750000000000000000 -0.0524698321692818672734581753047677921131253242492675781250000000000000000 -0.0438089934483186643765506573799939360469579696655273437500000000000000000 -0.0343926720559572657309743703990534413605928421020507812500000000000000000 -0.0242542251253123168630576600435233558528125286102294921875000000000000000 -0.0134814472684091773979631057045480702072381973266601562500000000000000000 -0.0022018424010304057936160404551628744229674339294433593750000000000000000 0.0093551421376567769211396452533335832413285970687866210937500000000000000 0.0209433342369850020170396476260066265240311622619628906250000000000000000 0.0321020588398477496605565306708740536123514175415039062500000000000000000 0.0425364531479546018055692968573566759005188941955566406250000000000000000 0.0513749564085426366211173387910093879327178001403808593750000000000000000 0.0586756852937046421980760158021439565345644950866699218750000000000000000 0.0625658500768767472655085271071584429591894149780273437500000000000000000 0.0649353996636891500626731499323796015232801437377929687500000000000000000 0.0605973393263112350415333651199034648016095161437988281250000000000000000 0.0583118768335720155659984698104381095618009567260742187500000000000000000 0.0407239631016139067010151109116122825071215629577636718750000000000000000 0.0407239631016139067010151109116122825071215629577636718750000000000000000 
-0.0919842165195680211420281580103619489818811416625976562500000000000000000 -0.0919842165195680211420281580103619489818811416625976562500000000000000000 -0.1059755902264534754841918129386613145470619201660156250000000000000000000 -0.1076872822043155458748842079330643173307180404663085937500000000000000000 -0.1115111945243264374161284990805143024772405624389648437500000000000000000 -0.1106394546884472418479816724357078783214092254638671875000000000000000000 -0.1093267885996717370122865986559190787374973297119140625000000000000000000 -0.1059925481405128988576791471132310107350349426269531250000000000000000000 -0.1019257113720089535924273604905465617775917053222656250000000000000000000 -0.0968056720991205821302827416729996912181377410888671875000000000000000000 -0.0910024876677406197034159163194999564439058303833007812500000000000000000 -0.0844342740457381668583991540799615904688835144042968750000000000000000000 -0.0771678812684139514566084017133107408881187438964843750000000000000000000 -0.0691434914930883354200474855133506935089826583862304687500000000000000000 -0.0603352593541848572500363445669790962710976600646972656250000000000000000 -0.0506935010986112877251485997476265765726566314697265625000000000000000000 -0.0401960718908650413427885439432429848238825798034667968750000000000000000 -0.0288419370325308996316771015244739828631281852722167968750000000000000000 -0.0166838789763939822352600828025970258750021457672119140625000000000000000 -0.0038221374778592540934207821834434071206487715244293212890625000000000000 0.0095364276772028858802920936454938782844692468643188476562500000000000000 0.0231473099964241042780788149002546560950577259063720703125000000000000000 0.0365383414696432845536477884706982877105474472045898437500000000000000000 0.0493647795475941897347382791849668137729167938232421875000000000000000000 0.0606733789445699153719537832785135833546519279479980468750000000000000000 0.0704139662713387098902373395503673236817121505737304687500000000000000000 0.0764936995070424896603356046398403123021125793457031250000000000000000000 0.0807587445036247880691959721843886654824018478393554687500000000000000000 0.0774435261327547780352276163284841459244489669799804687500000000000000000 0.0759359550757245094221303816084400750696659088134765625000000000000000000 0.0569960207131538221236866093022399581968784332275390625000000000000000000 0.0569960207131538221236866093022399581968784332275390625000000000000000000 
-0.1119050116605869865660238815507909748703241348266601562500000000000000000 -0.1119050116605869865660238815507909748703241348266601562500000000000000000 -0.1265973121657763544867236760183004662394523620605468750000000000000000000 -0.1276954549616407252887739787183818407356739044189453125000000000000000000 -0.1307732054733657667267010538125759921967983245849609375000000000000000000 -0.1287554277982193018381451565801398828625679016113281250000000000000000000 -0.1262004268003882601067999758015503175556659698486328125000000000000000000 -0.1215898403969978280869668196828570216894149780273437500000000000000000000 -0.1162730513065001053396585461996437516063451766967773437500000000000000000 -0.1099814356336896448151918548319372348487377166748046875000000000000000000 -0.1030780903041419033216996581359126139432191848754882812500000000000000000 -0.0954872495241915197894400080258492380380630493164062500000000000000000000 -0.0872469227649830258997099008411169052124023437500000000000000000000000000 -0.0782745426137923111520322549949923995882272720336914062500000000000000000 -0.0685056418340039413594766415371850598603487014770507812500000000000000000 -0.0578533687821019756980511772326281061396002769470214843750000000000000000 -0.0462512062417048258611274036411487031728029251098632812500000000000000000 -0.0336552967841979300267496455489890649914741516113281250000000000000000000 -0.0200721410532945787608127830026205629110336303710937500000000000000000000 -0.0055637196847416279382736448155810649041086435317993164062500000000000000 0.0097021710459716352381587256559214438311755657196044921875000000000000000 0.0254939815581576682823605750627393717877566814422607421875000000000000000 0.0413511725181385375593734465837769675999879837036132812500000000000000000 0.0568794579811096462362840497917204629629850387573242187500000000000000000 0.0710729020974581598979469276855525095015764236450195312500000000000000000 0.0837343652868109689091369318703073076903820037841796875000000000000000000 0.0925836045532455326201315415346471127122640609741210937500000000000000000 0.0993061381264909587285316661109391134232282638549804687500000000000000000 0.0975888841368897641537216713913949206471443176269531250000000000000000000 0.0972664403393195403646487307014467660337686538696289062500000000000000000 0.0771899962492129665392326387518551200628280639648437500000000000000000000 0.0771899962492129665392326387518551200628280639648437500000000000000000000 
-0.1366790454926543052494025687337853014469146728515625000000000000000000000 -0.1366790454926543052494025687337853014469146728515625000000000000000000000 -0.1520151531499442654205012104284833185374736785888671875000000000000000000 -0.1520695979233936678820526822164538316428661346435546875000000000000000000 -0.1537828630407806207447407587096677161753177642822265625000000000000000000 -0.1500039145375303972773650684757740236818790435791015625000000000000000000 -0.1455644529053164715204360390998772345483303070068359375000000000000000000 -0.1391374533863729834326505852004629559814929962158203125000000000000000000 -0.1320906913155382722546704599153599701821804046630859375000000000000000000 -0.1242503161248118132009565783846483100205659866333007812500000000000000000 -0.1159431186623063464447014325742202345281839370727539062500000000000000000 -0.1071025882373921739310063117045501712709665298461914062500000000000000000 -0.0977178261763981537146861455767066217958927154541015625000000000000000000 -0.0876745846613084106602187262069492135196924209594726562500000000000000000 -0.0768546943499798934640310221766412723809480667114257812500000000000000000 -0.0651225062199509707738798169884830713272094726562500000000000000000000000 -0.0523531876198037662839546158011216903105378150939941406250000000000000000 -0.0384464550153364309492687311831105034798383712768554687500000000000000000 -0.0233453561689739193252268734113386017270386219024658203125000000000000000 -0.0070563412186875175760580880535144387977197766304016113281250000000000000 0.0103170690229625709732896865489237825386226177215576171875000000000000000 0.0285753545413139076192265974896145053207874298095703125000000000000000000 0.0473066253353569207695805687308165943250060081481933593750000000000000000 0.0660713304900546471998268316383473575115203857421875000000000000000000000 0.0838601362139624884051158915099222213029861450195312500000000000000000000 0.1002688313966154931566876484794192947447299957275390625000000000000000000 0.1128892697043920867461253010333166457712650299072265625000000000000000000 0.1230360370190758112496354215181781910359859466552734375000000000000000000 0.1239135490647699788802071907412027940154075622558593750000000000000000000 0.1254396226367817390734415994302253238856792449951171875000000000000000000 0.1045058842314583458232846169266849756240844726562500000000000000000000000 0.1045058842314583458232846169266849756240844726562500000000000000000000000 
-0.1644329216050849362673602627182845026254653930664062500000000000000000000 -0.1644329216050849362673602627182845026254653930664062500000000000000000000 -0.1800567927628151654317889551748521625995635986328125000000000000000000000 -0.1786383077259606211306675049854675307869911193847656250000000000000000000 -0.1783323156806574383281827067548874765634536743164062500000000000000000000 -0.1723050062320605202437207026378018781542778015136718750000000000000000000 -0.1654629875689643814240525898640044033527374267578125000000000000000000000 -0.1568574670395801451405759507906623184680938720703125000000000000000000000 -0.1477662770423893434657003354004700668156147003173828125000000000000000000 -0.1381668734357287542380277045594993978738784790039062500000000000000000000 -0.1283022380250798955003688206488732248544692993164062500000000000000000000 -0.1181238974717489370602763187889649998396635055541992187500000000000000000 -0.1075515490288707770583087608429195825010538101196289062500000000000000000 -0.0964361136189896550607869585292064584791660308837890625000000000000000000 -0.0845958330712133221851445341599173843860626220703125000000000000000000000 -0.0718414046378377385559943490989098791033029556274414062500000000000000000 -0.0579827801929944028347385653887613443657755851745605468750000000000000000 -0.0428572562676212340249115584356331964954733848571777343750000000000000000 -0.0263348283320425577413992357378447195515036582946777343750000000000000000 -0.0083569186119103449489342594347363046836107969284057617187500000000000000 0.0110569329594548109579887906761541671585291624069213867187500000000000000 0.0317526148260401791523221959323564078658819198608398437500000000000000000 0.0534087565722286827796239094823249615728855133056640625000000000000000000 0.0755444049715542353951036602666135877370834350585937500000000000000000000 0.0972323771050930679704649151062767487019300460815429687500000000000000000 0.1177998678035393764762517321287305094301700592041015625000000000000000000 0.1348809023998756573270441094791749492287635803222656250000000000000000000 0.1491520343756413680136319044322590343654155731201171875000000000000000000 0.1536549312379690557239797499278211034834384918212890625000000000000000000 0.1577259267348992965995790882516303099691867828369140625000000000000000000 0.1367917138346148031580185033817542716860771179199218750000000000000000000 0.1367917138346148031580185033817542716860771179199218750000000000000000000 
-0.2025128141399917536258357131373486481606960296630859375000000000000000000 -0.2025128141399917536258357131373486481606960296630859375000000000000000000 -0.2177859064317830828372279938776046037673950195312500000000000000000000000 -0.2137149671980531906445577305930783040821552276611328125000000000000000000 -0.2096475031970513325241256552544655278325080871582031250000000000000000000 -0.1999092012036151888576540613939869217574596405029296875000000000000000000 -0.1891912159681102822972320609551388770341873168945312500000000000000000000 -0.1772808141582791208179514796938747167587280273437500000000000000000000000 -0.1651966394651336322851875593187287449836730957031250000000000000000000000 -0.1531451525359954768390480239759199321269989013671875000000000000000000000 -0.1411973205564538424994225351838394999504089355468750000000000000000000000 -0.1293125326472065184102433477164595387876033782958984375000000000000000000 -0.1172920888740027201002646961569553241133689880371093750000000000000000000 -0.1049277665230962386377910888768383301794528961181640625000000000000000000 -0.0919445712972885575986481399013428017497062683105468750000000000000000000 -0.0780780572865291677686627735965885221958160400390625000000000000000000000 -0.0630509322819305939589185072691179811954498291015625000000000000000000000 -0.0466174772339570733792335488487879047170281410217285156250000000000000000 -0.0285497053844702350366979715090565150603652000427246093750000000000000000 -0.0086975945314134196773014906511889421381056308746337890625000000000000000 0.0130438078824673103078835012524905323516577482223510742187500000000000000 0.0366009896679767438021357861543947365134954452514648437500000000000000000 0.0618164282095671202554854062327649444341659545898437500000000000000000000 0.0881893479285501824538329174174577929079532623291015625000000000000000000 0.1150059872949574374390024900094431359320878982543945312500000000000000000 0.1412266599096769492671654688820126466453075408935546875000000000000000000 0.1647620147461032191760210707798250950872898101806640625000000000000000000 0.1851479644865788309893162022490287199616432189941406250000000000000000000 0.1956787737983935182572992061977856792509555816650390625000000000000000000 0.2038567019653397538458960980278789065778255462646484375000000000000000000 0.1840633212717286137927175104778143577277660369873046875000000000000000000 0.1840633212717286137927175104778143577277660369873046875000000000000000000 
-0.2413198965609359702977343431484769098460674285888671875000000000000000000 -0.2413198965609359702977343431484769098460674285888671875000000000000000000 -0.2544777196957724862969030255044344812631607055664062500000000000000000000 -0.2471994791997109142123179026384605094790458679199218750000000000000000000 -0.2382299804486848471274385019569308497011661529541015625000000000000000000 -0.2244800637633502515821959377717575989663600921630859375000000000000000000 -0.2094982288595926833707494552072603255510330200195312500000000000000000000 -0.1942568052786005083909515178675064817070960998535156250000000000000000000 -0.1791758734069669734001450933646992780268192291259765625000000000000000000 -0.1647942423656341970339411773238680325448513031005859375000000000000000000 -0.1509092876857224818643032904219580814242362976074218750000000000000000000 -0.1375070111830461183632934307752293534576892852783203125000000000000000000 -0.1242462830796519368536934280200512148439884185791015625000000000000000000 -0.1108656570365618709850252798787551000714302062988281250000000000000000000 -0.0969962663922619566791993861443188507109880447387695312500000000000000000 -0.0823052073265687911263199794120737351477146148681640625000000000000000000 -0.0664339055737919181865436257794499397277832031250000000000000000000000000 -0.0490612509047547926122057049269642448052763938903808593750000000000000000 -0.0298662843970904229307095079093414824455976486206054687500000000000000000 -0.0086130453503286599076238516659032029565423727035522460937500000000000000 0.0149348194655713265022178859453561017289757728576660156250000000000000000 0.0407843008124215075649310335847985697910189628601074218750000000000000000 0.0689893179573050352448859712239936925470829010009765625000000000000000000 0.0990235880570423387947442961376509629189968109130859375000000000000000000 0.1305540788231063786817287564190337434411048889160156250000000000000000000 0.1620734771442962351972738588301581330597400665283203125000000000000000000 0.1922635345811197493670618996475241146981716156005859375000000000000000000 0.2189684728921509893062591345369582995772361755371093750000000000000000000 0.2370198319383678420280148202436976134777069091796875000000000000000000000 0.2501300886869025075220918097329558804631233215332031250000000000000000000 0.2343948603980384182143836824252502992749214172363281250000000000000000000 0.2343948603980384182143836824252502992749214172363281250000000000000000000 
-0.3093608547300376598876425759954145178198814392089843750000000000000000000 -0.3093608547300376598876425759954145178198814392089843750000000000000000000 -0.3166133119884531055276966071687638759613037109375000000000000000000000000 -0.3023889393970179417792110143636818975210189819335937500000000000000000000 -0.2831578644381198550661338231293484568595886230468750000000000000000000000 -0.2614486884281328471502092725131660699844360351562500000000000000000000000 -0.2384887418800141767327716024738037958741188049316406250000000000000000000 -0.2172755504365527223775700349506223574280738830566406250000000000000000000 -0.1971267064754708420171169791501597501337528228759765625000000000000000000 -0.1789824396547144702562803786349832080304622650146484375000000000000000000 -0.1621369248697440701434402399172540754079818725585937500000000000000000000 -0.1465243670285694965738088058060384355485439300537109375000000000000000000 -0.1315450042264014463011534417091752402484416961669921875000000000000000000 -0.1168139982842391622064326384133892133831977844238281250000000000000000000 -0.1018053677432964182481001103042217437177896499633789062500000000000000000 -0.0860706805377737665940784950180386658757925033569335937500000000000000000 -0.0691287600738123148014224739199562463909387588500976562500000000000000000 -0.0505447125511235759165451497665344504639506340026855468750000000000000000 -0.0298621385351636528526775293812534073367714881896972656250000000000000000 -0.0067105156351819046992024375697383220540359616279602050781250000000000000 0.0193478614586842928568799493405094835907220840454101562500000000000000000 0.0484761651446192556869085876769531751051545143127441406250000000000000000 0.0810796117808473271182378994126338511705398559570312500000000000000000000 0.1166912514950551454928628913876309525221586227416992187500000000000000000 0.1556513954848507963468762227421393617987632751464843750000000000000000000 0.1958806443115891637862802099334658123552799224853515625000000000000000000 0.2374732265104206319072943642822792753577232360839843750000000000000000000 0.2754936396143558008375862300454173237085342407226562500000000000000000000 0.3077738843670869139934609393094433471560478210449218750000000000000000000 0.3303558962617947347695235293940640985965728759765625000000000000000000000 0.3234801184510962546170276254997588694095611572265625000000000000000000000 0.3234801184510962546170276254997588694095611572265625000000000000000000000 
-0.3613549875805551758745082224777434021234512329101562500000000000000000000 -0.3613549875805551758745082224777434021234512329101562500000000000000000000 -0.3561366917222618111438237065158318728208541870117187500000000000000000000 -0.3362436218205973603723180076485732570290565490722656250000000000000000000 -0.3066784936485540402628657830064184963703155517578125000000000000000000000 -0.2794761310469910386977687721810070797801017761230468750000000000000000000 -0.2505097768186496098863358383823651820421218872070312500000000000000000000 -0.2256199398907534903191418607093510217964649200439453125000000000000000000 -0.2023055857148277347778986268167500384151935577392578125000000000000000000 -0.1820928544666248205530223458481486886739730834960937500000000000000000000 -0.1636878662004269679997037201246712356805801391601562500000000000000000000 -0.1470581739223739692334902429138310253620147705078125000000000000000000000 -0.1313891496293868033085061597375897690653800964355468750000000000000000000 -0.1162374703848967627539678915127296932041645050048828125000000000000000000 -0.1009767454712247325421259347422164864838123321533203125000000000000000000 -0.0850983712267467384826602483371971175074577331542968750000000000000000000 -0.0680521194957168229500155121058924123644828796386718750000000000000000000 -0.0493423264322847832108465127021190710365772247314453125000000000000000000 -0.0284318837915910095637261889578439877368509769439697265625000000000000000 -0.0048736587840151040368352752807368233334273099899291992187500000000000000 0.0219146384229468374482685533166659297421574592590332031250000000000000000 0.0521863836941860517737445945840590866282582283020019531250000000000000000 0.0866719178779358917497077641201030928641557693481445312500000000000000000 0.1248870758535132324817951143813843373209238052368164062500000000000000000 0.1680154095364974065063279340392909944057464599609375000000000000000000000 0.2132293000781947112098890784182003699243068695068359375000000000000000000 0.2630272135559034718532700480864150449633598327636718750000000000000000000 0.3087593179166756574005603397381491959095001220703125000000000000000000000 0.3550794779420649027734668834455078467726707458496093750000000000000000000 0.3856661526455055777340419354004552587866783142089843750000000000000000000 0.3965046258276335167103354706341633573174476623535156250000000000000000000 0.3965046258276335167103354706341633573174476623535156250000000000000000000 
-0.5151925953997111840010347805218771100044250488281250000000000000000000000 -0.5151925953997111840010347805218771100044250488281250000000000000000000000 -0.4776246287375844334910368615965126082301139831542968750000000000000000000 -0.4378884011465759007464271235221531242132186889648437500000000000000000000 -0.3798901597900268267693490997771732509136199951171875000000000000000000000 -0.3347086653961182101113536191405728459358215332031250000000000000000000000 -0.2891760556591224107236826057487633079290390014648437500000000000000000000 -0.2533484411240285449906650683260522782802581787109375000000000000000000000 -0.2215906380860013791256335480284178629517555236816406250000000000000000000 -0.1957298611713821356872244905389379709959030151367187500000000000000000000 -0.1733018001380249306642156170710222795605659484863281250000000000000000000 -0.1539671067968925721736184186738682910799980163574218750000000000000000000 -0.1364076701600594743180039358776411972939968109130859375000000000000000000 -0.1199165977055821341590302608892670832574367523193359375000000000000000000 -0.1036143169957858545249251847053528763353824615478515625000000000000000000 -0.0868126390012006893259766115988895762711763381958007812500000000000000000 -0.0687947949163812688677666073999716900289058685302734375000000000000000000 -0.0489126285280006983802181252940499689429998397827148437500000000000000000 -0.0264533647539359553779725331423833267763257026672363281250000000000000000 -0.0007790218235292132144612087252255605562822893261909484863281250000000000 0.0289840621932533661075925834893496357835829257965087890625000000000000000 0.0633743176393672391633060669846599921584129333496093750000000000000000000 0.1037365039311053532822270994984137360006570816040039062500000000000000000 0.1498891694690018816515930666355416178703308105468750000000000000000000000 0.2044900330895013107479485370276961475610733032226562500000000000000000000 0.2641657780504741426241821500298101454973220825195312500000000000000000000 0.3353573189285541933379874990350799635052680969238281250000000000000000000 0.4039074115608874970817510074994061142206192016601562500000000000000000000 0.4856325047742973688436052270844811573624610900878906250000000000000000000 0.5406852071936634196447357680881395936012268066406250000000000000000000000 0.5916417715870896376628707002964802086353302001953125000000000000000000000 0.5916417715870896376628707002964802086353302001953125000000000000000000000 
-0.5563284511291930467535848947591148316860198974609375000000000000000000000 -0.5563284511291930467535848947591148316860198974609375000000000000000000000 -0.4734175111240760402964156128291506320238113403320312500000000000000000000 -0.4313736008817115052949020537198521196842193603515625000000000000000000000 -0.3601828892434608686556885004392825067043304443359375000000000000000000000 -0.3149021687385036849526898095064098015427589416503906250000000000000000000 -0.2673745223730673026274473613739246502518653869628906250000000000000000000 -0.2325915517577093749590488869216642342507839202880859375000000000000000000 -0.2015935406545760477659001708161667920649051666259765625000000000000000000 -0.1770698230430579611649477556056808680295944213867187500000000000000000000 -0.1559191417025976855725843961408827453851699829101562500000000000000000000 -0.1379537759062682555910583914737799204885959625244140625000000000000000000 -0.1217663234914062031499781824095407500863075256347656250000000000000000000 -0.1066990496440961971869043622973549645394086837768554687500000000000000000 -0.0918869452612428305737779510309337638318538665771484375000000000000000000 -0.0766785198453139721364024694594263564795255661010742187500000000000000000 -0.0603869606065160352548204514278040733188390731811523437500000000000000000 -0.0423956550568074033713550363700051093474030494689941406250000000000000000 -0.0220117774943195884662650030350050656124949455261230468750000000000000000 0.0013815191803403304490055480968635492899920791387557983398437500000000000 0.0286862774751799158579057547058255295269191265106201171875000000000000000 0.0604294569367942874249521878482482861727476119995117187500000000000000000 0.0981788793348480903766528626874787732958793640136718750000000000000000000 0.1416516565152247386638606485576019622385501861572265625000000000000000000 0.1945477346348422342803274887046427465975284576416015625000000000000000000 0.2525191159641136939839611841307487338781356811523437500000000000000000000 0.3265000992503819254864083632128313183784484863281250000000000000000000000 0.3961555785348312985760799165291246026754379272460937500000000000000000000 0.4954708390943770024428260967397363856434822082519531250000000000000000000 0.5551765335997513872712261218111962080001831054687500000000000000000000000 0.6617574153940204428892002397333271801471710205078125000000000000000000000 0.6617574153940204428892002397333271801471710205078125000000000000000000000 
-1.0032106285796553724054547274135984480381011962890625000000000000000000000 -1.0032106285796553724054547274135984480381011962890625000000000000000000000 -0.7650445726546949432034239180211443454027175903320312500000000000000000000 -0.6575439221937084965929898316971957683563232421875000000000000000000000000 -0.5061090887247875480525749480875674635171890258789062500000000000000000000 -0.4167627818308307086070385594211984425783157348632812500000000000000000000 -0.3342438010184628494059211334388237446546554565429687500000000000000000000 -0.2783497744043414434678140878531849011778831481933593750000000000000000000 -0.2329375487943714240213211041918839327991008758544921875000000000000000000 -0.1995106302535210041071422892855480313301086425781250000000000000000000000 -0.1726509955981824218085307620640378445386886596679687500000000000000000000 -0.1511340166454739064594292585752555169165134429931640625000000000000000000 -0.1326552966381918385874172372496104799211025238037109375000000000000000000 -0.1160092536124945200581848325782630126923322677612304687500000000000000000 -0.0999218893101250088539799776299332734197378158569335937500000000000000000 -0.0834432660612809962152880416397238150238990783691406250000000000000000000 -0.0656412664063229095434692794697184581309556961059570312500000000000000000 -0.0456730552204496764723273827257798984646797180175781250000000000000000000 -0.0226030798089632764535927833549067145213484764099121093750000000000000000 0.0044740188969072261851445126978887856239452958106994628906250000000000000 0.0368672495006614198143068961144308559596538543701171875000000000000000000 0.0756229641456725859560705771400535013526678085327148437500000000000000000 0.1232428753926955028452638885028136428445577621459960937500000000000000000 0.1803839000313929852303829193260753527283668518066406250000000000000000000 0.2533223309408508816531480078992899507284164428710937500000000000000000000 0.3384438143721444913758489292376907542347908020019531250000000000000000000 0.4551051966062336640028718193207168951630592346191406250000000000000000000 0.5759958639708380179200730708544142544269561767578125000000000000000000000 0.7670394372388139592189304494240786880254745483398437500000000000000000000 0.8995824813870910707791495042329188436269760131835937500000000000000000000 1.1794765103214457369062984071206301450729370117187500000000000000000000000 1.1794765103214457369062984071206301450729370117187500000000000000000000000 
-0.7899734891855366702984042603929992765188217163085937500000000000000000000 -0.7899734891855366702984042603929992765188217163085937500000000000000000000 -0.4901182270390462281106636055483249947428703308105468750000000000000000000 -0.4337033491240024352109116989595349878072738647460937500000000000000000000 -0.3167463871368058070387974112236406654119491577148437500000000000000000000 -0.2659383349079934011349735101248370483517646789550781250000000000000000000 -0.2120554989473663609622633430262794718146324157714843750000000000000000000 -0.1785426455690141134269310896343085914850234985351562500000000000000000000 -0.1498400968952779965803756567765958607196807861328125000000000000000000000 -0.1289755583411894002132669356797123327851295471191406250000000000000000000 -0.1117872541776532557822321223284234292805194854736328125000000000000000000 -0.0979317836807341579596908331950544379651546478271484375000000000000000000 -0.0858732445558683110675701755098998546600341796875000000000000000000000000 -0.0749440525288088549293874507384316530078649520874023437500000000000000000 -0.0643323406421535265442557260939793195575475692749023437500000000000000000 -0.0534543654224081191128625789588113548234105110168457031250000000000000000 -0.0417128559956723987678373077869764529168605804443359375000000000000000000 -0.0285728608193704519679911868479393888264894485473632812500000000000000000 -0.0134226181988954494650467808014582260511815547943115234375000000000000000 0.0043073623510530819127883894736896763788536190986633300781250000000000000 0.0255061667216352865039663555535298655740916728973388671875000000000000000 0.0507713148945778888765367753421742236241698265075683593750000000000000000 0.0819533520171667750897626092410064302384853363037109375000000000000000000 0.1190643107393583588482499635574640706181526184082031250000000000000000000 0.1674904039470752892260208000152488239109516143798828125000000000000000000 0.2226612480607521038500351551192579790949821472167968750000000000000000000 0.3046148687752273098716671029251301661133766174316406250000000000000000000 0.3830050905115675585754786425241036340594291687011718750000000000000000000 0.5414921812730686401238244798150844871997833251953125000000000000000000000 0.6254783740851285189776831430208403617143630981445312500000000000000000000 0.9771603133230533089204072894062846899032592773437500000000000000000000000 0.9771603133230533089204072894062846899032592773437500000000000000000000000 
-2.3832748416469633490066826198017224669456481933593750000000000000000000000 -2.3832748416469633490066826198017224669456481933593750000000000000000000000 -1.2794343728539225857332439773017540574073791503906250000000000000000000000 -0.9932551047833484414439908505300991237163543701171875000000000000000000000 -0.6566637039650699003701106448716018348932266235351562500000000000000000000 -0.4973866318257557095350307463377248495817184448242187500000000000000000000 -0.3700146239087316324400944722583517432212829589843750000000000000000000000 -0.2938726600401924682337551075761439278721809387207031250000000000000000000 -0.2384161184776678044094921915529994294047355651855468750000000000000000000 -0.2012306142942885400781705129702459089457988739013671875000000000000000000 -0.1738005210707242731427157877988065592944622039794921875000000000000000000 -0.1533147111012470309443500582347041927278041839599609375000000000000000000 -0.1365945294159653378152086133923148736357688903808593750000000000000000000 -0.1218696917789679062815721977131033781915903091430664062500000000000000000 -0.1075511977875485414291034658162971027195453643798828125000000000000000000 -0.0924551151382311253712487086886540055274963378906250000000000000000000000 -0.0754872853722850511992703559371875599026679992675781250000000000000000000 -0.0556501668815805317080958047881722450256347656250000000000000000000000000 -0.0318581145655506131619816301281389314681291580200195312500000000000000000 -0.0029948040782599174257361251960674053407274186611175537109375000000000000 0.0325214007342434913150341913024021778255701065063476562500000000000000000 0.0762336287745997154274846252519637346267700195312500000000000000000000000 0.1314509414134114040351164476305712014436721801757812500000000000000000000 0.2002283740454415261744713916414184495806694030761718750000000000000000000 0.2920705301325594582806388643803074955940246582031250000000000000000000000 0.4065834164885000490130551042966544628143310546875000000000000000000000000 0.5793458408732115039185828209156170487403869628906250000000000000000000000 0.7797029280225502567702733358601108193397521972656250000000000000000000000 1.1734029398697900514747516353963874280452728271484375000000000000000000000 1.4898968700382275720528468809789046645164489746093750000000000000000000000 2.6557157515551215176685673213796690106391906738281250000000000000000000000 2.6557157515551215176685673213796690106391906738281250000000000000000000000 
0.0000000000000000000000000000000000000000000000000000000000000000000000000 0.0000000000000000000000000000000000000000000000000000000000000000000000000 0.0000000000000000000000000000000000000000000000000000000000000000000000000 0.0000000000000000000000000000000000000000000000000000000000000000000000000 0.0000000000000000000000000000000000000000000000000000000000000000000000000 0.0000000000000000000000000000000000000000000000000000000000000000000000000 0.0000000000000000000000000000000000000000000000000000000000000000000000000 0.0000000000000000000000000000000000000000000000000000000000000000000000000 0.0000000000000000000000000000000000000000000000000000000000000000000000000 0.0000000000000000000000000000000000000000000000000000000000000000000000000 0.0000000000000000000000000000000000000000000000000000000000000000000000000 0.0000000000000000000000000000000000000000000000000000000000000000000000000 0.0000000000000000000000000000000000000000000000000000000000000000000000000 0.0000000000000000000000000000000000000000000000000000000000000000000000000 0.0000000000000000000000000000000000000000000000000000000000000000000000000 0.0000000000000000000000000000000000000000000000000000000000000000000000000 0.0000000000000000000000000000000000000000000000000000000000000000000000000 0.0000000000000000000000000000000000000000000000000000000000000000000000000 0.0000000000000000000000000000000000000000000000000000000000000000000000000 0.0000000000000000000000000000000000000000000000000000000000000000000000000 0.0000000000000000000000000000000000000000000000000000000000000000000000000 0.0000000000000000000000000000000000000000000000000000000000000000000000000 0.0000000000000000000000000000000000000000000000000000000000000000000000000 0.0000000000000000000000000000000000000000000000000000000000000000000000000 0.0000000000000000000000000000000000000000000000000000000000000000000000000 0.0000000000000000000000000000000000000000000000000000000000000000000000000 0.0000000000000000000000000000000000000000000000000000000000000000000000000 0.0000000000000000000000000000000000000000000000000000000000000000000000000 0.0000000000000000000000000000000000000000000000000000000000000000000000000 0.0000000000000000000000000000000000000000000000000000000000000000000000000 0.0000000000000000000000000000000000000000000000000000000000000000000000000 0.0000000000000000000000000000000000000000000000000000000000000000000000000 
