32
32
10000
50
1.000000
2.000000
2.000000
1.000000
0.100000
0.001000
0.064516
0.064516
-0.0238583613927139948085454079773626290261745452880859375000000000000000000 -0.0238583613924048462684446292314532911404967308044433593750000000000000000 -0.0257629525277412105288554755588847910985350608825683593750000000000000000 -0.0274440438689890764401013711903942748904228210449218750000000000000000000 -0.0295295289669125736453647590451510041020810604095458984375000000000000000 -0.0310199862860667842368034285982503206469118595123291015625000000000000000 -0.0320762931711235238507740064051176887005567550659179687500000000000000000 -0.0323277379186803770494407217483967542648315429687500000000000000000000000 -0.0318336779063406599687979792179248761385679244995117187500000000000000000 -0.0305043635659886305799837202812341274693608283996582031250000000000000000 -0.0284072184241058664500023667187633691355586051940917968750000000000000000 -0.0255784477286815012386789192078140331432223320007324218750000000000000000 -0.0221162569526752346427134199302599881775677204132080078125000000000000000 -0.0181207154081929090738700693918872275389730930328369140625000000000000000 -0.0137210015134908540346270200416256557218730449676513671875000000000000000 -0.0090551555979999347884001892339256301056593656539916992187500000000000000 -0.0042769890093827638011259040240474860183894634246826171875000000000000000 0.0004540571318870456705291127619261715153697878122329711914062500000000000 0.0049720734742350275806033188530363986501470208168029785156250000000000000 0.0091167020646915394171960755897998751606792211532592773437500000000000000 0.0127304189129963697679759349057349027134478092193603515625000000000000000 0.0156830726114374936763784518234388087876141071319580078125000000000000000 0.0178516811035376241068028946301637915894389152526855468750000000000000000 0.0191829858502128441921641410772281233221292495727539062500000000000000000 0.0196094687340876462633421084547080681659281253814697265625000000000000000 0.0192292132468506217490844534268035204149782657623291015625000000000000000 0.0180179515803079379199225229513103840872645378112792968750000000000000000 0.0163660502359585374732020568444568198174238204956054687500000000000000000 0.0141803744407821355477672398137656273320317268371582031250000000000000000 0.0124301293008960665742446138892773888073861598968505859375000000000000000 0.0105990493866336861483734566036218893714249134063720703125000000000000000 0.0105990493866059305727578276901112985797226428985595703125000000000000000 
-0.0238583613924048462684446292314532911404967308044433593750000000000000000 -0.0238583613920280018794173315654916223138570785522460937500000000000000000 -0.0257629525274757839592432162589830113574862480163574218750000000000000000 -0.0274440438687330798273045218138577183708548545837402343750000000000000000 -0.0295295289668215978073906313738916651345789432525634765625000000000000000 -0.0310199862860258898655807513478066539391875267028808593750000000000000000 -0.0320762931712492288527371897544071543961763381958007812500000000000000000 -0.0323277379188462304915319123210792895406484603881835937500000000000000000 -0.0318336779066266672977292273571947589516639709472656250000000000000000000 -0.0305043635662660232721332675964731606654822826385498046875000000000000000 -0.0284072184244310299572333633477683179080486297607421875000000000000000000 -0.0255784477289354578166680198592075612396001815795898437500000000000000000 -0.0221162569529035624160684392336406745016574859619140625000000000000000000 -0.0181207154082974192244037681120971683412790298461914062500000000000000000 -0.0137210015135142884140639907286640664096921682357788085937500000000000000 -0.0090551555978730848689428611919538525398820638656616210937500000000000000 -0.0042769890091488137889852438888738106470555067062377929687500000000000000 0.0004540571322635979754911428329933187342248857021331787109375000000000000 0.0049720734747105300305181074804750096518546342849731445312500000000000000 0.0091167020652674103653456683105105184949934482574462890625000000000000000 0.0127304189136313427449520574441521603148430585861206054687500000000000000 0.0156830726121042728082866091199321090243756771087646484375000000000000000 0.0178516811042031681155961564400058705359697341918945312500000000000000000 0.0191829858508332576350063902737019816413521766662597656250000000000000000 0.0196094687346463764088255743445188272744417190551757812500000000000000000 0.0192292132473047133744969983126793522387742996215820312500000000000000000 0.0180179515806653985088292557747990940697491168975830078125000000000000000 0.0163660502361944182325714791659265756607055664062500000000000000000000000 0.0141803744409323105590825520039288676343858242034912109375000000000000000 0.0124301293009610024781208537092425103764981031417846679687500000000000000 0.0105990493866712481157987824076371907722204923629760742187500000000000000 0.0105990493866336861483734566036218893714249134063720703125000000000000000 
-0.0219804171256482126783904362810062593780457973480224609375000000000000000 -0.0219804171253106007954958300842918106354773044586181640625000000000000000 -0.0239250927943298087596790679754121811129152774810791015625000000000000000 -0.0250629014976459681129927759002384846098721027374267578125000000000000000 -0.0266528177151814857359646282475296175107359886169433593750000000000000000 -0.0276125908665506014649793087301077321171760559082031250000000000000000000 -0.0282974731894017512978667383549691294319927692413330078125000000000000000 -0.0283194354572700382477457026197953382506966590881347656250000000000000000 -0.0277836392344520226316273436850678990595042705535888671875000000000000000 -0.0265827205875661595757541988405137090012431144714355468750000000000000000 -0.0247812317374756785337552855708054266870021820068359375000000000000000000 -0.0223932849909321864123601386609152541495859622955322265625000000000000000 -0.0194982658332661061562074422681689611636102199554443359375000000000000000 -0.0161711588336705576474106038631362025626003742218017578125000000000000000 -0.0125162086865065556168241656109785253647714853286743164062500000000000000 -0.0086437773462233729454551323101441084872931241989135742187500000000000000 -0.0046792070795316255404916461202446953393518924713134765625000000000000000 -0.0007517237733374368792785280568580219551222398877143859863281250000000000 0.0030034234255680363964713386337734846165403723716735839843750000000000000 0.0064575205860848364919357678104461228940635919570922851562500000000000000 0.0094830212243265914889844836466181732248514890670776367187500000000000000 0.0119799164103246060658625182782088813837617635726928710937500000000000000 0.0138482090496024490972049036940916266757994890213012695312500000000000000 0.0150587164302444492108845608413503214251250028610229492187500000000000000 0.0155464920554492652682299080879602115601301193237304687500000000000000000 0.0154232186616939607320952987379314436111599206924438476562500000000000000 0.0146140345530210297164686039650405291467905044555664062500000000000000000 0.0135170928898494368403104815001825045328587293624877929687500000000000000 0.0118444154035691924520268258902433444745838642120361328125000000000000000 0.0106355362297025149431739521332929143682122230529785156250000000000000000 0.0087792406082279617063335308557725511491298675537109375000000000000000000 0.0087792406082509502618371755033876979723572731018066406250000000000000000 
-0.0202303205739364708182215224496758310124278068542480468750000000000000000 -0.0202303205734696948947526351503256591968238353729248046875000000000000000 -0.0228323187739604346879751517462864285334944725036621093750000000000000000 -0.0240029806006778721749750360459074727259576320648193359375000000000000000 -0.0257214714155905438408566965335921850055456161499023437500000000000000000 -0.0266532721057381356832838292802989599294960498809814453125000000000000000 -0.0273409762824609950393472956875484669581055641174316406250000000000000000 -0.0273484872013523526435019306290996610186994075775146484375000000000000000 -0.0268335746691786142248403734811290632933378219604492187500000000000000000 -0.0256785356537812987920421647913826745934784412384033203125000000000000000 -0.0239602819360554449013012145996981416828930377960205078125000000000000000 -0.0216867442142211278022223552852665307000279426574707031250000000000000000 -0.0189357759564298296084405848205278743989765644073486328125000000000000000 -0.0157749725502977673763371768700380926020443439483642578125000000000000000 -0.0123020765786380700812507882346835685893893241882324218750000000000000000 -0.0086192250627515950428536584126959496643394231796264648437500000000000000 -0.0048440874916517656992298590523660095641389489173889160156250000000000000 -0.0010980584795608986509174442858238762710243463516235351562500000000000000 0.0024903135120820508834060813541100287693552672863006591796875000000000000 0.0057986805507719849442360704472321231150999665260314941406250000000000000 0.0087034260947789505308280766371353820431977510452270507812500000000000000 0.0111089143787515658157172282471947255544364452362060546875000000000000000 0.0129135627319399669266086760899270302616059780120849609375000000000000000 0.0140915860191674208179435368037957232445478439331054687500000000000000000 0.0145637059851774532115431526335669332183897495269775390625000000000000000 0.0144510632747965554051328140872101357672363519668579101562500000000000000 0.0136274811748195532473681979013235832098871469497680664062500000000000000 0.0125406047302652357694485729666666884440928697586059570312500000000000000 0.0107236778182732486741635113958182046189904212951660156250000000000000000 0.0094655242710374957321173283730786351952701807022094726562500000000000000 0.0069702817975370199785056790631188050610944628715515136718750000000000000 0.0069702817976396748422818205881412723101675510406494140625000000000000000 
-0.0180079565831583743307220402130042202770709991455078125000000000000000000 -0.0180079565826984644427710691161337308585643768310546875000000000000000000 -0.0213255688142454831457417441242796485312283039093017578125000000000000000 -0.0224849368844496876052030387427294044755399227142333984375000000000000000 -0.0243066326154781492396850239856576081365346908569335937500000000000000000 -0.0251530077805958013348330837288813199847936630249023437500000000000000000 -0.0258059059840590708512220174952744855545461177825927734375000000000000000 -0.0257715769003087867561330170929068117402493953704833984375000000000000000 -0.0252772892817230317163978980943284113891422748565673828125000000000000000 -0.0241922363490805238106506891426761285401880741119384765625000000000000000 -0.0226086176210825509635959917886793846264481544494628906250000000000000000 -0.0205247443052001959928887231399130541831254959106445312500000000000000000 -0.0180143817349201831867766543382458621636033058166503906250000000000000000 -0.0151330216789750671146919103193795308470726013183593750000000000000000000 -0.0119671808674040019287998504182723991107195615768432617187500000000000000 -0.0086053154120773554108803082840495335403829813003540039062500000000000000 -0.0051519748974670374550011153758077853126451373100280761718750000000000000 -0.0017151292251961355265349462584367756790015846490859985351562500000000000 0.0015886422460762287568736272902469863765873014926910400390625000000000000 0.0046484518614765078098338690892887825611978769302368164062500000000000000 0.0073487252402111794685746204436327388975769281387329101562500000000000000 0.0096021009124202475609743956397323927376419305801391601562500000000000000 0.0113068009182933967154971455215672904159873723983764648437500000000000000 0.0124426675732012912561907924668958003167062997817993164062500000000000000 0.0129114955268624358869500312607669911812990903854370117187500000000000000 0.0128456153725857776665142395700058841612190008163452148437500000000000000 0.0120488292349968991595821066198368498589843511581420898437500000000000000 0.0110285270847343772754323154572375642601400613784790039062500000000000000 0.0090856026217654064364159793854014424141496419906616210937500000000000000 0.0078145351887088602277353643899004964623600244522094726562500000000000000 0.0046084738098671439165965324491480714641511440277099609375000000000000000 0.0046084738101077075619893541613691922975704073905944824218750000000000000 
-0.0162236155928591543884387249363498995080590248107910156250000000000000000 -0.0162236155922519456606956111954787047579884529113769531250000000000000000 -0.0203920491014091820325404569302918389439582824707031250000000000000000000 -0.0216893850818251840428807497573870932683348655700683593750000000000000000 -0.0237928530849653534218202111105711082927882671356201171875000000000000000 -0.0247016572532679917761910814988368656486272811889648437500000000000000000 -0.0254370343784463340264245800881326431408524513244628906250000000000000000 -0.0254278184810834105566978990964344120584428310394287109375000000000000000 -0.0249727179463066183140451670396942063234746456146240234375000000000000000 -0.0239254878133939169471133823208219837397336959838867187500000000000000000 -0.0223982781347027079532630011726723751053214073181152343750000000000000000 -0.0203835945580167939017446343541450914926826953887939453125000000000000000 -0.0179570571834404141275953747936000581830739974975585937500000000000000000 -0.0151679385286991041947857183913583867251873016357421875000000000000000000 -0.0120982474471209248273462222300622670445591211318969726562500000000000000 -0.0088297964100728029701592447509028716012835502624511718750000000000000000 -0.0054617195344517548497020875686303043039515614509582519531250000000000000 -0.0020967889611795773735503090051679464522749185562133789062500000000000000 0.0011514860443806681535028335616743788705207407474517822265625000000000000 0.0041744248497560280594664838815788243664428591728210449218750000000000000 0.0068547549432591741228049109224684798391535878181457519531250000000000000 0.0091041923105485908496170566195360152050852775573730468750000000000000000 0.0108114072778164871380113254417665302753448486328125000000000000000000000 0.0119554908030090958903635112164920428767800331115722656250000000000000000 0.0124123977894195162280377431329725368414074182510375976562500000000000000 0.0123280945929864511195761522799330123234540224075317382812500000000000000 0.0114337177022499642681241383002088696230202913284301757812500000000000000 0.0103206168546696869237067062385904137045145034790039062500000000000000000 0.0080552261734048238861483071104885311797261238098144531250000000000000000 0.0066091901830339742918152268202902632765471935272216796875000000000000000 0.0025362733591058873004742135748301734565757215023040771484375000000000000 0.0025362733594828422781231047622441110434010624885559082031250000000000000 
-0.0147720692278693454396742978929069067817181348800659179687500000000000000 -0.0147720692272994644916872530870932678226381540298461914062500000000000000 -0.0197743274302276950127321697436855174601078033447265625000000000000000000 -0.0212131591582810155593996626066655153408646583557128906250000000000000000 -0.0236078778605537942247849514387780800461769104003906250000000000000000000 -0.0245829344880275912910150282186805270612239837646484375000000000000000000 -0.0254043822766894002163073906785939470864832401275634765625000000000000000 -0.0254175193656373255013392054024734534323215484619140625000000000000000000 -0.0249959643779818045661311742833277094177901744842529296875000000000000000 -0.0239760963722715145229891220424178754910826683044433593750000000000000000 -0.0224913993765590188023129059047278133220970630645751953125000000000000000 -0.0205279896035295388034835895041396724991500377655029296875000000000000000 -0.0181637341113357747568457511988526675850152969360351562500000000000000000 -0.0154414306581117672517722283487273671198636293411254882812500000000000000 -0.0124386319474618679825628220214639441110193729400634765625000000000000000 -0.0092304226404259712146505023611098295077681541442871093750000000000000000 -0.0059106638004720966211857913208405079785734415054321289062500000000000000 -0.0025771851783677945588180158154045784613117575645446777343750000000000000 0.0006589523945206616660150156228326068230671808123588562011718750000000000 0.0036904402827503258836816524279811346787028014659881591796875000000000000 0.0063968301046595094083713206600805278867483139038085937500000000000000000 0.0086874507188032142057654283462397870607674121856689453125000000000000000 0.0104387500769020716284707361865002894774079322814941406250000000000000000 0.0116276048836085055260269882637658156454563140869140625000000000000000000 0.0120998506912496552739844091206578013952821493148803710937500000000000000 0.0120159678376929850845966640804363123606890439987182617187500000000000000 0.0110274331727069994230072680352350289467722177505493164062500000000000000 0.0098187347619987982300093776188987249042838811874389648437500000000000000 0.0072099310314275759717372871193674654932692646980285644531250000000000000 0.0055762136712295250901005871924098755698651075363159179687500000000000000 0.0006248875079323393862823499134151461475994437932968139648437500000000000 0.0006248875084869617065747027240263378189411014318466186523437500000000000 
-0.0140375860281546568919530670882522827014327049255371093750000000000000000 -0.0140375860274792631232632089677281328476965427398681640625000000000000000 -0.0198745220219048931986627337664685910567641258239746093750000000000000000 -0.0214882213286503725990783664201444480568170547485351562500000000000000000 -0.0242128180800428513541611152959376340731978416442871093750000000000000000 -0.0252895773709745017021610635765682673081755638122558593750000000000000000 -0.0262227169168295463907991660335028427653014659881591796875000000000000000 -0.0262668471530361699595168545329215703532099723815917968750000000000000000 -0.0258690885892829472436638127419428201392292976379394531250000000000000000 -0.0248461591520865755777780492508099996484816074371337890625000000000000000 -0.0233536638493890315315670846985085518099367618560791015625000000000000000 -0.0213719418547312495215706462658999953418970108032226562500000000000000000 -0.0189830315284476650039557910076837288215756416320800781250000000000000000 -0.0162252794820851899137981178000700310803949832916259765625000000000000000 -0.0131744009029012929673507770189644361380487680435180664062500000000000000 -0.0099015819009144155626866989905465743504464626312255859375000000000000000 -0.0064986478725835251576969930908944661496207118034362792968750000000000000 -0.0030620042169125409950436456085753889055922627449035644531250000000000000 0.0002957938355387883092896539327654181761317886412143707275390625000000000 0.0034646394578524654025986073691001365659758448600769042968750000000000000 0.0063162640733883581439789267619744350668042898178100585937500000000000000 0.0087531976224353713611492366908350959420204162597656250000000000000000000 0.0106346968606836934922998949559769243933260440826416015625000000000000000 0.0119321876724681232018188126176028163172304630279541015625000000000000000 0.0124569823846347564610947955543451826088130474090576171875000000000000000 0.0123853088390989372891137776377945556305348873138427734375000000000000000 0.0112860297377099516591414385402458719909191131591796875000000000000000000 0.0099483754240196151791275624987065384630113840103149414062500000000000000 0.0069436614022304913793059988336153764976188540458679199218750000000000000 0.0050788180756576161573034866592024627607315778732299804687500000000000000 -0.0007891464850979054311205795890771241829497739672660827636718750000000000 -0.0007891464843951997423440736234567793871974572539329528808593750000000000 
-0.0140694052178314682466364615720522124320268630981445312500000000000000000 -0.0140694052172819251966817688526134588755667209625244140625000000000000000 -0.0207092221984023668046592803193561849184334278106689453125000000000000000 -0.0224926567902343256533104209893281222321093082427978515625000000000000000 -0.0255386556973005857118508288294833619147539138793945312500000000000000000 -0.0267101390746073905080315569193771807476878166198730468750000000000000000 -0.0277444135691613455452220193819812266156077384948730468750000000000000000 -0.0278035895692566523140776268974150298163294792175292968750000000000000000 -0.0274074846476142740259174246375550865195691585540771484375000000000000000 -0.0263518611610940173273220921146275941282510757446289062500000000000000000 -0.0248144036870960350837922447908567846752703189849853515625000000000000000 -0.0227692807651309718497412148963121580891311168670654296875000000000000000 -0.0203029369746187925149794040180495358072221279144287109375000000000000000 -0.0174494248668563001203324347443412989377975463867187500000000000000000000 -0.0142830758700508361758174658007192192599177360534667968750000000000000000 -0.0108716956440532246108698899433875340037047863006591796875000000000000000 -0.0073058274434364021618359963383682043058797717094421386718750000000000000 -0.0036813921737492145795644926664635931956581771373748779296875000000000000 -0.0001137421576158791390121285957981456249399343505501747131347656250000000 0.0032826298582026547899503921001951312064193189144134521484375000000000000 0.0063694313100932636179107859675241343211382627487182617187500000000000000 0.0090400612708660781080549639909804682247340679168701171875000000000000000 0.0111332497451475369992790476203481375705450773239135742187500000000000000 0.0126125284624623249657426882208710594568401575088500976562500000000000000 0.0132503102373980607975312295820913277566432952880859375000000000000000000 0.0132382647564676762808044685471031698398292064666748046875000000000000000 0.0120572752429311952360180271170975174754858016967773437500000000000000000 0.0106078650891251007049032040185920777730643749237060546875000000000000000 0.0072048424089253704921675947048242960590869188308715820312500000000000000 0.0051065145298506697812968013749923557043075561523437500000000000000000000 -0.0016929042499635913419930854928452390595339238643646240234375000000000000 -0.0016929042490809208861696211201319783867802470922470092773437500000000000 
-0.0150665911691587849075002480958573869429528713226318359375000000000000000 -0.0150665911685891121263303205068950774148106575012207031250000000000000000 -0.0224880948047255918575970667916408274322748184204101562500000000000000000 -0.0244381049350397526465084041547015658579766750335693359375000000000000000 -0.0277976256349104430820595723616861505433917045593261718750000000000000000 -0.0290558060458074828014130019937510951422154903411865234375000000000000000 -0.0301773534305053055259993044501243275590240955352783203125000000000000000 -0.0302305165690819055424043426683056168258190155029296875000000000000000000 -0.0298062271508769509320568857901889714412391185760498046875000000000000000 -0.0286781624715472804876270629392820410430431365966796875000000000000000000 -0.0270457584543618012595800337294349446892738342285156250000000000000000000 -0.0248767769060735909059101089724208577536046504974365234375000000000000000 -0.0222623511007295632468938606507435906678438186645507812500000000000000000 -0.0192326362909805217982217584449244895949959754943847656250000000000000000 -0.0158612606195240660178491509668674552813172340393066406250000000000000000 -0.0122134812764040871085891026837089157197624444961547851562500000000000000 -0.0083796376113969422982918899833748582750558853149414062500000000000000000 -0.0044564883716231703733590130411812424426898360252380371093750000000000000 -0.0005638907690262137456169155846907869999995455145835876464843750000000000 0.0031772121244472190278174128508226203848607838153839111328125000000000000 0.0066157980989990971057435054092366044642403721809387207031250000000000000 0.0096332001855067156403933381625392939895391464233398437500000000000000000 0.0120436971855774205275579902263416443020105361938476562500000000000000000 0.0137997900004851563326990770974589395336806774139404296875000000000000000 0.0146300264733252808474484041312280169222503900527954101562500000000000000 0.0147406418030245102424036218735636794008314609527587890625000000000000000 0.0135184900365094111396313536488378304056823253631591796875000000000000000 0.0119822110985467918109481644250990939326584339141845703125000000000000000 0.0081794244320374347168023376752898911945521831512451171875000000000000000 0.0058448819560969851247267392579942679731175303459167480468750000000000000 -0.0019217338179065416615964867474986021989025175571441650390625000000000000 -0.0019217338169036258122696070316237637598533183336257934570312500000000000 
-0.0171328332729711214910128802557665039785206317901611328125000000000000000 -0.0171328332726442614242223783094232203438878059387207031250000000000000000 -0.0253122133959959756677182696193995070643723011016845703125000000000000000 -0.0274134017043442639038897112868653493933379650115966796875000000000000000 -0.0310636182781904336691614076926271081902086734771728515625000000000000000 -0.0323840045655195279961091614495671819895505905151367187500000000000000000 -0.0335635724752105443768890324918174883350729942321777343750000000000000000 -0.0335770573356738363801632374361361144110560417175292968750000000000000000 -0.0330858268400575916690087296956335194408893585205078125000000000000000000 -0.0318410246426864551594348995422478765249252319335937500000000000000000000 -0.0300634609906149999347668710925063351169228553771972656250000000000000000 -0.0277140558537947653827693272887700004503130912780761718750000000000000000 -0.0248882867969696143506386221133652725256979465484619140625000000000000000 -0.0216120620411106127700673340541470679454505443572998046875000000000000000 -0.0179580055197379115372591229515819577500224113464355468750000000000000000 -0.0139885890075087792466801417390342976432293653488159179687500000000000000 -0.0097938338776644793398640231885110551957041025161743164062500000000000000 -0.0054714416418173957359916137477284792112186551094055175781250000000000000 -0.0011462474240853063461864635996789729688316583633422851562500000000000000 0.0030534166601961822140598457053783931769430637359619140625000000000000000 0.0069620830629112274295922091482680116314440965652465820312500000000000000 0.0104467394820774630431747809211628919001668691635131835937500000000000000 0.0132936020288881764223054560147829761262983083724975585937500000000000000 0.0154407354307443383384379487210935621988028287887573242187500000000000000 0.0165669765525338179290582019120847689919173717498779296875000000000000000 0.0168908396833776786039038597664330154657363891601562500000000000000000000 0.0156963689144234939953914675925261690281331539154052734375000000000000000 0.0141255362722419470361545634773392521310597658157348632812500000000000000 0.0099415649513980332285800756153548718430101871490478515625000000000000000 0.0073842637236020032542871405212281388230621814727783203125000000000000000 -0.0013922774994365022787484731381368874281179159879684448242187500000000000 -0.0013922774982767015077012029422576233628205955028533935546875000000000000 
-0.0204187156270954350834045953888562507927417755126953125000000000000000000 -0.0204187156268407360437677766640263143926858901977539062500000000000000000 -0.0293391207482187818533780898633267497643828392028808593750000000000000000 -0.0315730003306564782628029774969036225229501724243164062500000000000000000 -0.0354871720255812081457058582145691616460680961608886718750000000000000000 -0.0368382121149503985457762667010683799162507057189941406250000000000000000 -0.0380387044213677041892829322478064568713307380676269531250000000000000000 -0.0379705297620862511354111745731643168255686759948730468750000000000000000 -0.0373654467662386663429074928899353835731744766235351562500000000000000000 -0.0359520023080799749903846418419561814516782760620117187500000000000000000 -0.0339720692519572542433792250449187122285366058349609375000000000000000000 -0.0313793551525835059945457317098771454766392707824707031250000000000000000 -0.0282731277783013872084705297993423300795257091522216796875000000000000000 -0.0246744799002885130401185875825831317342817783355712890625000000000000000 -0.0206543425727699764271605431531497742980718612670898437500000000000000000 -0.0162717548488562555042413748651597416028380393981933593750000000000000000 -0.0116158025271301274666813085900685109663754701614379882812500000000000000 -0.0067847365679604932850454979131882282672449946403503417968750000000000000 -0.0019083198759113236247370037901305295235943049192428588867187500000000000 0.0028772095408073653996505747443279688013717532157897949218750000000000000 0.0073905775892571315410783938659733394160866737365722656250000000000000000 0.0114822189384896997804696994194273429457098245620727539062500000000000000 0.0149065552040523654347969895184178312774747610092163085937500000000000000 0.0175832103148311907903078576964617241173982620239257812500000000000000000 0.0191344874122507876967880235952179646119475364685058593750000000000000000 0.0197876192444620090105100729260811931453645229339599609375000000000000000 0.0187126597053670039316752848890246241353452205657958984375000000000000000 0.0171795497185170085996386291071758023463189601898193359375000000000000000 0.0126438699867496232714936255092652572784572839736938476562500000000000000 0.0098854640180233589036307151332039211411029100418090820312500000000000000 0.0000409970540381449650014882013504546875992673449218273162841796875000000 0.0000409970552637526879503730714571219095887499861419200897216796875000000 
-0.0250639672854728393081025217270507710054516792297363281250000000000000000 -0.0250639672855687486996423274376866174861788749694824218750000000000000000 -0.0347119522305515751381399525143933715298771858215332031250000000000000000 -0.0370528763585249512613195577159785898402333259582519531250000000000000000 -0.0411956280094186652607213261489960132166743278503417968750000000000000000 -0.0425336019073704468818064583501836750656366348266601562500000000000000000 -0.0437055358284861444895241788799467030912637710571289062500000000000000000 -0.0435018602848032745478157323759660357609391212463378906250000000000000000 -0.0427258527603524423943426313599047716706991195678710937500000000000000000 -0.0410840809704407020075400680525490315631031990051269531250000000000000000 -0.0388393606022532089649956787980045191943645477294921875000000000000000000 -0.0359378926087205660677703633609780808910727500915527343750000000000000000 -0.0324818143623272700959425662858848227187991142272949218750000000000000000 -0.0284863838292642584937297556280100252479314804077148437500000000000000000 -0.0240194125278955852853535191115952329710125923156738281250000000000000000 -0.0191350378832725875888343125552637502551078796386718750000000000000000000 -0.0139197953747893631709642292548778641503304243087768554687500000000000000 -0.0084710562720600283970195931715352344326674938201904296875000000000000000 -0.0029223449188185662665773190127538327942602336406707763671875000000000000 0.0025826872315227130706694058659422807977534830570220947265625000000000000 0.0078465507143383808608128049399965675547719001770019531250000000000000000 0.0127014584878965327424671372114062251057475805282592773437500000000000000 0.0168665873109307105914833613269365741871297359466552734375000000000000000 0.0202385641924469825148058532704453682526946067810058593750000000000000000 0.0223752867591939554048341420866563566960394382476806640625000000000000000 0.0235071965822200960871679598085393081419169902801513671875000000000000000 0.0226761113152966521655518050692990073002874851226806640625000000000000000 0.0212826422846471297045667370184673927724361419677734375000000000000000000 0.0164447018679952407238520351029364974237978458404541015625000000000000000 0.0135218092348978208977472448282242112327367067337036132812500000000000000 0.0025421603831144536957131752075156327919103205204010009765625000000000000 0.0025421603844607951368239628919809547369368374347686767578125000000000000 
-0.0312180871596225359421161726913851452991366386413574218750000000000000000 -0.0312180871598502496233606962050544098019599914550781250000000000000000000 -0.0415845351095733978263879748737963382154703140258789062500000000000000000 -0.0440003716414492929143165156347095035016536712646484375000000000000000000 -0.0483286335257231483564233087690809043124318122863769531250000000000000000 -0.0495982644808169725880730993594625033438205718994140625000000000000000000 -0.0506800544027408358949138289517577504739165306091308593750000000000000000 -0.0502750380417903708352156399996601976454257965087890625000000000000000000 -0.0492601470951066974790499841674318304285407066345214843750000000000000000 -0.0473213363050872040660443929027678677812218666076660156250000000000000000 -0.0447423678031648522357421882134076440706849098205566406250000000000000000 -0.0414618498868022794523469087835110258311033248901367187500000000000000000 -0.0375835650106128571490415879452484659850597381591796875000000000000000000 -0.0331156361787860731293875460323761217296123504638671875000000000000000000 -0.0281207324773199984768723425077041611075401306152343750000000000000000000 -0.0226459794674026305971725747667733230628073215484619140625000000000000000 -0.0167728993593569686293420772926765494048595428466796875000000000000000000 -0.0105956580728129596408182422351273999083787202835083007812500000000000000 -0.0042493280543747019226130667846064170589670538902282714843750000000000000 0.0021164938933577906281235936347684400971047580242156982421875000000000000 0.0082887456374882099302547899810633680317550897598266601562500000000000000 0.0140803817984674513319465205540836905129253864288330078125000000000000000 0.0191724695045616747024475046146108070388436317443847656250000000000000000 0.0234336283762341737735290791988518321886658668518066406250000000000000000 0.0263488748527085092643318375849048607051372528076171875000000000000000000 0.0281441946443288688872730318735193577595055103302001953125000000000000000 0.0277163762770560040404888013654272072017192840576171875000000000000000000 0.0265966141640194032869093376802993589080870151519775390625000000000000000 0.0215292379123284104147639794746282859705388545989990234375000000000000000 0.0184958178608216859684088007043101242743432521820068359375000000000000000 0.0063088063751465589187872318177596753230318427085876464843750000000000000 0.0063088063764874706754182120960194879444316029548645019531250000000000000 
-0.0390730897645662489381379600672516971826553344726562500000000000000000000 -0.0390730897652111289208853861509851412847638130187988281250000000000000000 -0.0501547758276497113172354147536680102348327636718750000000000000000000000 -0.0526026440517400953322812995338608743622899055480957031250000000000000000 -0.0570595433424145453971121355607465375214815139770507812500000000000000000 -0.0581862225566663129883160365807270864024758338928222656250000000000000000 -0.0590958473156820915384024317518196767196059226989746093750000000000000000 -0.0584038049254107377583622451311384793370962142944335937500000000000000000 -0.0570640973153307140552925602605682797729969024658203125000000000000000000 -0.0547447672322158920832357864583173068240284919738769531250000000000000000 -0.0517506139656661451331487455718161072582006454467773437500000000000000000 -0.0480129156713480706453189839066908461973071098327636718750000000000000000 -0.0436354033131499327580193892117677023634314537048339843750000000000000000 -0.0386173762529438968638118012677296064794063568115234375000000000000000000 -0.0330134994009102580858616704517771722748875617980957031250000000000000000 -0.0268608919639757165453985976455442141741514205932617187500000000000000000 -0.0202324270166076014554334960848791524767875671386718750000000000000000000 -0.0132154866081966443358552965037233661860227584838867187500000000000000000 -0.0059429828064875497850572116931289201602339744567871093750000000000000000 0.0014324507195224123971138974198424875794444233179092407226562500000000000 0.0086844572615587152519811553474937682040035724639892578125000000000000000 0.0156067796899583624559149086508114123716950416564941406250000000000000000 0.0218406975070679493233782864081149455159902572631835937500000000000000000 0.0272213877162366599260501232038222951814532279968261718750000000000000000 0.0311522312915148008594101725066138897091150283813476562500000000000000000 0.0338438362997191891090587034796044463291764259338378906250000000000000000 0.0340284629792750106802579068698832998052239418029785156250000000000000000 0.0333622861802632814098856783857627306133508682250976562500000000000000000 0.0281740235253206267040937404999567661434412002563476562500000000000000000 0.0251090428379747224174600717105931835249066352844238281250000000000000000 0.0116403194788580691826362922824955603573471307754516601562500000000000000 0.0116403194802774320737448476847930578514933586120605468750000000000000000 
-0.0487838728919321382160312339237862033769488334655761718750000000000000000 -0.0487838728927052281414411538662534439936280250549316406250000000000000000 -0.0605798157320979399620419769689760869368910789489746093750000000000000000 -0.0630032996433657899171265626137028448283672332763671875000000000000000000 -0.0675153295705075012778095810972445178776979446411132812500000000000000000 -0.0684035288569065091923704358123359270393848419189453125000000000000000000 -0.0690373186315078879449202986506861634552478790283203125000000000000000000 -0.0679527468866219508392134684982011094689369201660156250000000000000000000 -0.0661847265345157920179985922004561871290206909179687500000000000000000000 -0.0633878094164536942667353969227406196296215057373046875000000000000000000 -0.0598875547246347783580944224013364873826503753662109375000000000000000000 -0.0556087089914189605655003845186001854017376899719238281250000000000000000 -0.0506526872926403928798499975982849719002842903137207031250000000000000000 -0.0450080727848267414525906815470079891383647918701171875000000000000000000 -0.0387179429303257591210574162232660455629229545593261718750000000000000000 -0.0318057505866723294607467664718569722026586532592773437500000000000000000 -0.0243310903711648519875954121971517452038824558258056640625000000000000000 -0.0163699050163957221526445096060342621058225631713867187500000000000000000 -0.0080477986947279332718974131921640946529805660247802734375000000000000000 0.0004839289203838861895892731190826907550217583775520324707031250000000000 0.0089898584165564020959093838314402091782540082931518554687500000000000000 0.0172460154212427455022726974220859119668602943420410156250000000000000000 0.0248543569332572190921926136297770426608622074127197265625000000000000000 0.0316113424752333879719223830306873423978686332702636718750000000000000000 0.0368313867830494731658852458622277481481432914733886718750000000000000000 0.0406955489417101037852297906738385790959000587463378906250000000000000000 0.0417516888198206509441590128517418634146451950073242187500000000000000000 0.0417676335038728585580258823028998449444770812988281250000000000000000000 0.0366116904551192640093759678165952209383249282836914062500000000000000000 0.0336271115420270494400512006905046291649341583251953125000000000000000000 0.0188166164356666984480703774806897854432463645935058593750000000000000000 0.0188166164369965409342011497528801555745303630828857421875000000000000000 
-0.0606672015448590992714450464973197085782885551452636718750000000000000000 -0.0606672015460555588695079620720207458361983299255371093750000000000000000 -0.0731873012010868795318430102270212955772876739501953125000000000000000000 -0.0755050546144515888347115151191246695816516876220703125000000000000000000 -0.0799642706827804194968933870768523775041103363037109375000000000000000000 -0.0804754683486692268257201021697255782783031463623046875000000000000000000 -0.0806839430399263479731786219417699612677097320556640625000000000000000000 -0.0790588824901096165476133137417491525411605834960937500000000000000000000 -0.0767204457208191248351880631162202917039394378662109375000000000000000000 -0.0733173646540846712937877782678697258234024047851562500000000000000000000 -0.0691948707062761819708285315755347255617380142211914062500000000000000000 -0.0642726867377682864468368961752275936305522918701171875000000000000000000 -0.0586465068299981059918302150890667689964175224304199218750000000000000000 -0.0522917455769948344435071874158893479034304618835449218750000000000000000 -0.0452350144571843221230622589246195275336503982543945312500000000000000000 -0.0374812692851146100903036995077854953706264495849609375000000000000000000 -0.0290706199200384055036927577475580619648098945617675781250000000000000000 -0.0200612474701427241641216170364714344032108783721923828125000000000000000 -0.0105641590268482805925476242236982216127216815948486328125000000000000000 -0.0007227686771822420738753400826226425124332308769226074218750000000000000 0.0092255679500920124980201109110566903837025165557861328125000000000000000 0.0190428263150320339902599187098530819639563560485839843750000000000000000 0.0282953788566271020876730091231365804560482501983642578125000000000000000 0.0367358531378067509898244225041707977652549743652343750000000000000000000 0.0435846962389949826865986892698856536298990249633789062500000000000000000 0.0489735204677219232438645235561125446110963821411132812500000000000000000 0.0512456572749346028761152638253406621515750885009765625000000000000000000 0.0522526827857433470714276779744977829977869987487792968750000000000000000 0.0473541723449298693204845278614811832085251808166503906250000000000000000 0.0446098885841941517060860178389702923595905303955078125000000000000000000 0.0284069362695550144126688252299572923220694065093994140625000000000000000 0.0284069362709191246263440433494906756095588207244873046875000000000000000 
-0.0748321937833608952228559019204112701117992401123046875000000000000000000 -0.0748321937846035123431676083782804198563098907470703125000000000000000000 -0.0880788900744241542994927840481977909803390502929687500000000000000000000 -0.0901818303522247538550615786334674339741468429565429687500000000000000000 -0.0944444895002797268901417737652081996202468872070312500000000000000000000 -0.0944049114829555308103792299334600102156400680541992187500000000000000000 -0.0940024772880425213417154850503720808774232864379882812500000000000000000 -0.0916605959281909105085262012835300993174314498901367187500000000000000000 -0.0885854615670318146225525879344786517322063446044921875000000000000000000 -0.0844315352179087486028663533943472430109977722167968750000000000000000000 -0.0795602433500356698292677037898101843893527984619140625000000000000000000 -0.0738888631357454833681330796935071703046560287475585937500000000000000000 -0.0675026729454612645087152600353874731808900833129882812500000000000000000 -0.0603614863009379054581415857683168724179267883300781250000000000000000000 -0.0524698321597354550016589769256825093179941177368164062500000000000000000 -0.0438089934387229998358215254938841098919510841369628906250000000000000000 -0.0343926720463708854302886663845129078254103660583496093750000000000000000 -0.0242542251157412437623239753747839131392538547515869140625000000000000000 -0.0134814472588886749560010969162249239161610603332519531250000000000000000 -0.0022018423915859375826487021043931235908530652523040771484375000000000000 0.0093551421470192026863532674951784429140388965606689453125000000000000000 0.0209433342462310295717387020886235404759645462036132812500000000000000000 0.0321020588490040642559719685777963604778051376342773437500000000000000000 0.0425364531569876816452513423882919596508145332336425781250000000000000000 0.0513749564175029344026413014034915249794721603393554687500000000000000000 0.0586756853025746580310162414662045193836092948913574218750000000000000000 0.0625658500856873522888434990818495862185955047607421875000000000000000000 0.0649353996725054172234337102054269053041934967041015625000000000000000000 0.0605973393350043021410300525531056337058544158935546875000000000000000000 0.0583118768425422498435928275739570381119847297668457031250000000000000000 0.0407239631100677068609172692958964034914970397949218750000000000000000000 0.0407239631112477282193218286465707933530211448669433593750000000000000000 
-0.0919842165091306340762855597859015688300132751464843750000000000000000000 -0.0919842165107412623736848900080076418817043304443359375000000000000000000 -0.1059755902168619534631233136678929440677165985107421875000000000000000000 -0.1076872821952841591253147157658531796187162399291992187500000000000000000 -0.1115111945150434047402399073689593933522701263427734375000000000000000000 -0.1106394546793758038027988277463009580969810485839843750000000000000000000 -0.1093267885904605080105156389436160679906606674194335937500000000000000000 -0.1059925481313767348101606557975173927843570709228515625000000000000000000 -0.1019257113627416583279128303729521576315164566040039062500000000000000000 -0.0968056720898548134224270711456483695656061172485351562500000000000000000 -0.0910024876583384323414094296822440810501575469970703125000000000000000000 -0.0844342740362978017021333698721718974411487579345703125000000000000000000 -0.0771678812588482837542258607754774857312440872192382812500000000000000000 -0.0691434914834799241312168760487111285328865051269531250000000000000000000 -0.0603352593444921800336366857209213776513934135437011718750000000000000000 -0.0506935010889028245251175519570097094401717185974121093750000000000000000 -0.0401960718811370174008423816758295288309454917907714843750000000000000000 -0.0288419370228312627046918237283534836024045944213867187500000000000000000 -0.0166838789667464806876218119668919825926423072814941406250000000000000000 -0.0038221374682853412503569234814904120867140591144561767578125000000000000 0.0095364276866641787405720620540705567691475152969360351562500000000000000 0.0231473100057910559368412606318088364787399768829345703125000000000000000 0.0365383414788622504221216047426423756405711174011230468750000000000000000 0.0493647795567291811091870101790846092626452445983886718750000000000000000 0.0606733789535475881438131295908533502370119094848632812500000000000000000 0.0704139662802831522991908741460065357387065887451171875000000000000000000 0.0764936995158234794844887005638156551867723464965820312500000000000000000 0.0807587445124801350804233379676588810980319976806640625000000000000000000 0.0774435261413732589641512049638549797236919403076171875000000000000000000 0.0759359550846815528624134117308130953460931777954101562500000000000000000 0.0569960207215056066654135236149159027263522148132324218750000000000000000 0.0569960207226819295933673004128650063648819923400878906250000000000000000 
-0.1119050116500094615989979729420156218111515045166015625000000000000000000 -0.1119050116515113157955596534520736895501613616943359375000000000000000000 -0.1265973121561433656356854271507472731173038482666015625000000000000000000 -0.1276954549524024484785655886298627592623233795166015625000000000000000000 -0.1307732054640823315949660354817751795053482055664062500000000000000000000 -0.1287554277889824405622931635662098415195941925048828125000000000000000000 -0.1262004267911917276823174915989511646330356597900390625000000000000000000 -0.1215898403877300470998790160592761822044849395751953125000000000000000000 -0.1162730512972451196729295475051912944763898849487304687500000000000000000 -0.1099814356243133117718713265276164747774600982666015625000000000000000000 -0.1030780902947338872888138894268195144832134246826171875000000000000000000 -0.0954872495146466271354057653297786600887775421142578125000000000000000000 -0.0872469227553833159838347910408629104495048522949218750000000000000000000 -0.0782745426040772213083229758012748789042234420776367187500000000000000000 -0.0685056418242489251202442801513825543224811553955078125000000000000000000 -0.0578533687722876874270916403020237339660525321960449218750000000000000000 -0.0462512062318923972137341138477495405822992324829101562500000000000000000 -0.0336552967744018147189244416495057521387934684753417968750000000000000000 -0.0200721410435528886673228754489173297770321369171142578125000000000000000 -0.0055637196750914557838441076853541744640097022056579589843750000000000000 0.0097021710555255293723098120040049252565950155258178710937500000000000000 0.0254939815675661943239482809531182283535599708557128906250000000000000000 0.0413511725274377447969520460446801735088229179382324218750000000000000000 0.0568794579902451996611389972713368479162454605102539062500000000000000000 0.0710729021064974708643546819075709208846092224121093750000000000000000000 0.0837343652957089207289342880358162801712751388549804687500000000000000000 0.0925836045620654218835099413809075485914945602416992187500000000000000000 0.0993061381352466077121476928368792869150638580322265625000000000000000000 0.0975888841455236077937485106303938664495944976806640625000000000000000000 0.0972664403481091066616670559596968814730644226074218750000000000000000000 0.0771899962575663400876635478198295459151268005371093750000000000000000000 0.0771899962584606663673625348565110471099615097045898437500000000000000000 
-0.1366790454817995992264911819802364334464073181152343750000000000000000000 -0.1366790454835722923299101694283308461308479309082031250000000000000000000 -0.1520151531400949773686903654379420913755893707275390625000000000000000000 -0.1520695979141846732041187806316884234547615051269531250000000000000000000 -0.1537828630313286260022920259871170856058597564697265625000000000000000000 -0.1500039145283396102570350194582715630531311035156250000000000000000000000 -0.1455644528959930961153901307625346817076206207275390625000000000000000000 -0.1391374533771529975467728945659473538398742675781250000000000000000000000 -0.1320906913061865584069209944573231041431427001953125000000000000000000000 -0.1242503161154674823363208702176052611321210861206054687500000000000000000 -0.1159431186528124962942243314500956330448389053344726562500000000000000000 -0.1071025882278502094901995178588549606502056121826171875000000000000000000 -0.0977178261667121239586464298554346896708011627197265625000000000000000000 -0.0876745846515623039607589817023836076259613037109375000000000000000000000 -0.0768546943401332005585402384895132854580879211425781250000000000000000000 -0.0651225062100754675809000104891310911625623703002929687500000000000000000 -0.0523531876099019022330338657411630265414714813232421875000000000000000000 -0.0384464550054602338668985339609207585453987121582031250000000000000000000 -0.0233453561591563628352385961761683574877679347991943359375000000000000000 -0.0070563412089514349762042755287438922096043825149536132812500000000000000 0.0103170690325638837736565989189330139197409152984619140625000000000000000 0.0285753545508022448184970443207930657081305980682373046875000000000000000 0.0473066253446637330348778505140217021107673645019531250000000000000000000 0.0660713304992538164039928005877300165593624114990234375000000000000000000 0.0838601362229645375112596639155526645481586456298828125000000000000000000 0.1002688314055577289973797405764344148337841033935546875000000000000000000 0.1128892697131289452050495469848101492971181869506835937500000000000000000 0.1230360370278477388783500146018923260271549224853515625000000000000000000 0.1239135490732801020419273640982282813638448715209960937500000000000000000 0.1254396226455315732639661518987850286066532135009765625000000000000000000 0.1045058842396670156782434446540719363838434219360351562500000000000000000 0.1045058842405417326437699898633582051843404769897460937500000000000000000 
-0.1644329215943423350143604011464049108326435089111328125000000000000000000 -0.1644329215958109102757589425891637802124023437500000000000000000000000000 -0.1800567927530793144175191855538287200033664703369140625000000000000000000 -0.1786383077166202870689204473819700069725513458251953125000000000000000000 -0.1783323156713289281416479070685454644262790679931640625000000000000000000 -0.1723050062227898804323444892361294478178024291992187500000000000000000000 -0.1654629875597706800682828998105833306908607482910156250000000000000000000 -0.1568574670303208851152021452435292303562164306640625000000000000000000000 -0.1477662770331578112603665431379340589046478271484375000000000000000000000 -0.1381668734263671594053590752082527615129947662353515625000000000000000000 -0.1283022380156806085960141672330792061984539031982421875000000000000000000 -0.1181238974621936221875984074358711950480937957763671875000000000000000000 -0.1075515490192442691341767613266711123287677764892578125000000000000000000 -0.0964361136092272835940164554813236463814973831176757812500000000000000000 -0.0845958330613917619533737024539732374250888824462890625000000000000000000 -0.0718414046279433615715959149383706972002983093261718750000000000000000000 -0.0579827801830915812164590761312865652143955230712890625000000000000000000 -0.0428572562577341428791122268648905446752905845642089843750000000000000000 -0.0263348283222123794033997512542555341497063636779785156250000000000000000 -0.0083569186021865710795042403447041579056531190872192382812500000000000000 0.0110569329690693995971173535508569329977035522460937500000000000000000000 0.0317526148354822790320639569472405128180980682373046875000000000000000000 0.0534087565815401232871550973868579603731632232666015625000000000000000000 0.0755444049806642120570288057024299632757902145385742187500000000000000000 0.0972323771140893439168806366978969890624284744262695312500000000000000000 0.1177998678123456932631540894362842664122581481933593750000000000000000000 0.1348809024085957652960843233813648112118244171142578125000000000000000000 0.1491520343842296647540734966241871006786823272705078125000000000000000000 0.1536549312464538241673750462723546661436557769775390625000000000000000000 0.1577259267433977762973285052794381044805049896240234375000000000000000000 0.1367917138428001444516723950073355808854103088378906250000000000000000000 0.1367917138433080714854384041245793923735618591308593750000000000000000000 
-0.2025128141291520911249079972549225203692913055419921875000000000000000000 -0.2025128141307905027534985720194526948034763336181640625000000000000000000 -0.2177859064219166418396866902185138314962387084960937500000000000000000000 -0.2137149671888244895079367324797203764319419860839843750000000000000000000 -0.2096475031876134931252408932778052985668182373046875000000000000000000000 -0.1999092011944681168689186279152636416256427764892578125000000000000000000 -0.1891912159588463870907304453794495202600955963134765625000000000000000000 -0.1772808141491382105670027158339507877826690673828125000000000000000000000 -0.1651966394558592177155276203848188742995262145996093750000000000000000000 -0.1531451525267256141837890481838257983326911926269531250000000000000000000 -0.1411973205470187786580993360985303297638893127441406250000000000000000000 -0.1293125326377042860759303266604547388851642608642578125000000000000000000 -0.1172920888643338432899554391042329370975494384765625000000000000000000000 -0.1049277665133442200007252154136949684470891952514648437500000000000000000 -0.0919445712874155385296859321897500194609165191650390625000000000000000000 -0.0780780572766089780989418045464844908565282821655273437500000000000000000 -0.0630509322719747383745314550651528406888246536254882812500000000000000000 -0.0466174772240213475260617315143463201820850372314453125000000000000000000 -0.0285497053746002447949248193026505759917199611663818359375000000000000000 -0.0086975945216337616910928787206103152129799127578735351562500000000000000 0.0130438078920911623703737802770774578675627708435058593750000000000000000 0.0366009896774673465502658586956385988742113113403320312500000000000000000 0.0618164282188445393662057369965623365715146064758300781250000000000000000 0.0881893479376964217752998820287757553160190582275390625000000000000000000 0.1150059873038695168467882012919289991259574890136718750000000000000000000 0.1412266599185056648035896387227694503962993621826171875000000000000000000 0.1647620147546974833652200231881579384207725524902343750000000000000000000 0.1851479644951725955781540733369183726608753204345703125000000000000000000 0.1956787738067143622711085981791256926953792572021484375000000000000000000 0.2038567019737971275361587686347775161266326904296875000000000000000000000 0.1840633212797347650901969018377712927758693695068359375000000000000000000 0.1840633212802476326164224929016199894249439239501953125000000000000000000 
-0.2413198965504955717520374491869006305932998657226562500000000000000000000 -0.2413198965516551441901071939355460926890373229980468750000000000000000000 -0.2544777196862145207667538215901004150509834289550781250000000000000000000 -0.2471994791904775778945690944965463131666183471679687500000000000000000000 -0.2382299804395368869602833683529752306640148162841796875000000000000000000 -0.2244800637542553323200422710215207189321517944335937500000000000000000000 -0.2094982288506112844128637107132817618548870086669921875000000000000000000 -0.1942568052695551328312717487278860062360763549804687500000000000000000000 -0.1791758733979550433090821570658590644598007202148437500000000000000000000 -0.1647942423564796587953651396674104034900665283203125000000000000000000000 -0.1509092876765154300766624828611384145915508270263671875000000000000000000 -0.1375070111736616806918931388281635008752346038818359375000000000000000000 -0.1242462830701709652903019787117955274879932403564453125000000000000000000 -0.1108656570269219848734465472261945251375436782836914062500000000000000000 -0.0969962663825401916195545481969020329415798187255859375000000000000000000 -0.0823052073167584857804612852305581327527761459350585937500000000000000000 -0.0664339055639603104363999364068149589002132415771484375000000000000000000 -0.0490612508949366810107051151135237887501716613769531250000000000000000000 -0.0298662843873307611020084806341401417739689350128173828125000000000000000 -0.0086130453406882759304075136697065318003296852111816406250000000000000000 0.0149348194750865172208964537503561587072908878326416015625000000000000000 0.0407843008217357444467054961023677606135606765747070312500000000000000000 0.0689893179664673172890587693473207764327526092529296875000000000000000000 0.0990235880659665751446496528842544648796319961547851562500000000000000000 0.1305540788318970413239838990193675272166728973388671875000000000000000000 0.1620734771528583584299099129566457122564315795898437500000000000000000000 0.1922635345895957192929870416264748200774192810058593750000000000000000000 0.2189684729004356678050413620439940132200717926025390625000000000000000000 0.2370198319465831593433335910958703607320785522460937500000000000000000000 0.2501300886950008073306150890857679769396781921386718750000000000000000000 0.2343948604059680473898907848706585355103015899658203125000000000000000000 0.2343948604060680507288338958460371941328048706054687500000000000000000000 
-0.3093608547195909608262809342704713344573974609375000000000000000000000000 -0.3093608547208557824070851438591489568352699279785156250000000000000000000 -0.3166133119787792882249277681694366037845611572265625000000000000000000000 -0.3023889393879039544366094105498632416129112243652343750000000000000000000 -0.2831578644288506585446896224311785772442817687988281250000000000000000000 -0.2614486884191535298604947001877008005976676940917968750000000000000000000 -0.2384887418709359385715629287005867809057235717773437500000000000000000000 -0.2172755504275972471273092878618626855313777923583984375000000000000000000 -0.1971267064663762280662950843179714865982532501220703125000000000000000000 -0.1789824396456076160966119914519367739558219909667968750000000000000000000 -0.1621369248604508095379372889510705135762691497802734375000000000000000000 -0.1465243670191806180103100132328108884394168853759765625000000000000000000 -0.1315450042168205269099701126833679154515266418457031250000000000000000000 -0.1168139982745452776224936997095937840640544891357421875000000000000000000 -0.1018053677334598144943456077271548565477132797241210937500000000000000000 -0.0860706805278685926907655812101438641548156738281250000000000000000000000 -0.0691287600638591931412335611639718990772962570190429687500000000000000000 -0.0505447125411826111984758824746677419170737266540527343750000000000000000 -0.0298621385252909182783653818660241086035966873168945312500000000000000000 -0.0067105156254075905286615721934140310622751712799072265625000000000000000 0.0193478614682846758454637381419161101803183555603027343750000000000000000 0.0484761651540644225577558756867802003398537635803222656250000000000000000 0.0810796117900479951234871123233460821211338043212890625000000000000000000 0.1166912515040938319588192939590953756123781204223632812500000000000000000 0.1556513954936195320843950185007997788488864898681640625000000000000000000 0.1958806443202431024630527645058464258909225463867187500000000000000000000 0.2374732265188105317932354410004336386919021606445312500000000000000000000 0.2754936396227106176759491518168943002820014953613281250000000000000000000 0.3077738843751720576591424105572514235973358154296875000000000000000000000 0.3303558962699290613151958950766129419207572937011718750000000000000000000 0.3234801184588785849527425853011664003133773803710937500000000000000000000 0.3234801184590533895679698161984561011195182800292968750000000000000000000 
-0.3613549875708249592420884255261626094579696655273437500000000000000000000 -0.3613549875715298953515741686715045943856239318847656250000000000000000000 -0.3561366917131769116444672818033723160624504089355468750000000000000000000 -0.3362436218117338948552230704081011936068534851074218750000000000000000000 -0.3066784936398446181904375862359302118420600891113281250000000000000000000 -0.2794761310383214736319246185303200036287307739257812500000000000000000000 -0.2505097768101103294924314468516968190670013427734375000000000000000000000 -0.2256199398821422952288173746637767180800437927246093750000000000000000000 -0.2023055857062389939482471845622058026492595672607421875000000000000000000 -0.1820928544578786500984790563961723819375038146972656250000000000000000000 -0.1636878661916026933553780509100761264562606811523437500000000000000000000 -0.1470581739133516308015714457724243402481079101562500000000000000000000000 -0.1313891496202400643866781138058286160230636596679687500000000000000000000 -0.1162374703755728461151974784115736838430166244506835937500000000000000000 -0.1009767454617962745277992553383228369057178497314453125000000000000000000 -0.0850983712172165562837022889652871526777744293212890625000000000000000000 -0.0680521194861509193252402383222943171858787536621093750000000000000000000 -0.0493423264227264499193204017046809894964098930358886718750000000000000000 -0.0284318837820882602818173268133250530809164047241210937500000000000000000 -0.0048736587746380207256113870073477301048114895820617675781250000000000000 0.0219146384321887884027990622826109756715595722198486328125000000000000000 0.0521863837032108326963175670698547037318348884582519531250000000000000000 0.0866719178867862566351121245133981574326753616333007812500000000000000000 0.1248870758620957838180842713882157113403081893920898437500000000000000000 0.1680154095449204743051296873090905137360095977783203125000000000000000000 0.2132293000863509924158734065713360905647277832031250000000000000000000000 0.2630272135639615815883018967724638059735298156738281250000000000000000000 0.3087593179245026187018652308324817568063735961914062500000000000000000000 0.3550794779498541164919345192174660041928291320800781250000000000000000000 0.3856661526530932304623888740024995058774948120117187500000000000000000000 0.3965046258351889174598170484387082979083061218261718750000000000000000000 0.3965046258349712582358392864989582449197769165039062500000000000000000000 
-0.5151925953897594778752022648404818028211593627929687500000000000000000000 -0.5151925953905555077838585020799655467271804809570312500000000000000000000 -0.4776246287281210034514344897615956142544746398925781250000000000000000000 -0.4378884011375379636810123429313534870743751525878906250000000000000000000 -0.3798901597808861385630052609485574066638946533203125000000000000000000000 -0.3347086653872245465279888776422012597322463989257812500000000000000000000 -0.2891760556501416501440360207197954878211021423339843750000000000000000000 -0.2533484411151367687864421895937994122505187988281250000000000000000000000 -0.2215906380769617489701062140738940797746181488037109375000000000000000000 -0.1957298611622945438970333498218678869307041168212890625000000000000000000 -0.1733018001287317810810151286204927600920200347900390625000000000000000000 -0.1539671067874673893172143834817688912153244018554687500000000000000000000 -0.1364076701504185751279152327697374857962131500244140625000000000000000000 -0.1199165976957969476091037108744785655289888381958007812500000000000000000 -0.1036143169858374096792275054212950635701417922973632812500000000000000000 -0.0868126389911575979674296377197606489062309265136718750000000000000000000 -0.0687947949062725910840399023982172366231679916381835937500000000000000000 -0.0489126285178881556325869439660891657695174217224121093750000000000000000 -0.0264533647438835277376778520874722744338214397430419921875000000000000000 -0.0007790218135754405992879356723790351679781451821327209472656250000000000 0.0289840622030274018550155545881352736614644527435302734375000000000000000 0.0633743176489693221808963130570191424340009689331054687500000000000000000 0.1037365039404399558176095297312713228166103363037109375000000000000000000 0.1498891694781344652298571418214123696088790893554687500000000000000000000 0.2044900330983216441005367869365727528929710388183593750000000000000000000 0.2641657780591246118540027509880019351840019226074218750000000000000000000 0.3353573189369007390148169633903307840228080749511718750000000000000000000 0.4039074115691388966453700959391426295042037963867187500000000000000000000 0.4856325047822717677625803389673819765448570251464843750000000000000000000 0.5406852072016038457391573501809034496545791625976562500000000000000000000 0.5916417715947562827594197187863755971193313598632812500000000000000000000 0.5916417715947029920542377112724352627992630004882812500000000000000000000 
-0.5563284511205682791867843661748338490724563598632812500000000000000000000 -0.5563284511208642646451494329085107892751693725585937500000000000000000000 -0.4734175111158804849509351697633974254131317138671875000000000000000000000 -0.4313736008736534510710214362916303798556327819824218750000000000000000000 -0.3601828892355792843815720516431611031293869018554687500000000000000000000 -0.3149021687306455263843929515132913365960121154785156250000000000000000000 -0.2673745223653162805810268309869570657610893249511718750000000000000000000 -0.2325915517498785001215821921505266800522804260253906250000000000000000000 -0.2015935406467372070782317905468516983091831207275390625000000000000000000 -0.1770698230350565283153230211610207334160804748535156250000000000000000000 -0.1559191416944922525811279001572984270751476287841796875000000000000000000 -0.1379537758979626493882619797659572213888168334960937500000000000000000000 -0.1217663234829582385998492100043222308158874511718750000000000000000000000 -0.1066990496354702638859279772987065371125936508178710937500000000000000000 -0.0918869452524982560648325602414843160659074783325195312500000000000000000 -0.0766785198364598324927143835338938515633344650268554687500000000000000000 -0.0603869605976104853461983168472215766087174415588378906250000000000000000 -0.0423956550478978635987381551331054652109742164611816406250000000000000000 -0.0220117774854524453354009949634928489103913307189941406250000000000000000 0.0013815191890977223960340625197318331629503518342971801757812500000000000 0.0286862774838090514584187928903702413663268089294433593750000000000000000 0.0604294569452173274681783254891342949122190475463867187500000000000000000 0.0981788793430924400240655813831835985183715820312500000000000000000000000 0.1416516565231988877826552197802811861038208007812500000000000000000000000 0.1945477346426297826642581867417902685701847076416015625000000000000000000 0.2525191159716190236750321673753205686807632446289062500000000000000000000 0.3265000992577529737026509337738389149308204650878906250000000000000000000 0.3961555785419503816768838078132830560207366943359375000000000000000000000 0.4954708391014492896431420376757159829139709472656250000000000000000000000 0.5551765336066024625338855003064963966608047485351562500000000000000000000 0.6617574154009369102880100399488583207130432128906250000000000000000000000 0.6617574154005929631949811664526350796222686767578125000000000000000000000 
-1.0032106285696928971162833477137610316276550292968750000000000000000000000 -1.0032106285700812531302972274716012179851531982421875000000000000000000000 -0.7650445726448902306060517730657011270523071289062500000000000000000000000 -0.6575439221841334891394126316299661993980407714843750000000000000000000000 -0.5061090887151242778685400480753742158412933349609375000000000000000000000 -0.4167627818213197610219822308863513171672821044921875000000000000000000000 -0.3342438010088699118504962370934663340449333190917968750000000000000000000 -0.2783497743947813685139180961414240300655364990234375000000000000000000000 -0.2329375487846626346932765727615333162248134613037109375000000000000000000 -0.1995106302437207324018686449562665075063705444335937500000000000000000000 -0.1726509955881654623244259028069791384041309356689453125000000000000000000 -0.1511340166352834191165754873509285971522331237792968750000000000000000000 -0.1326552966277667611194601704482920467853546142578125000000000000000000000 -0.1160092536018838271782982474178425036370754241943359375000000000000000000 -0.0999218892993193191776057915376441087573766708374023437500000000000000000 -0.0834432660503382495065238799725193530321121215820312500000000000000000000 -0.0656412663952805480738206256319244857877492904663085937500000000000000000 -0.0456730552093674926905642053043266059830784797668457031250000000000000000 -0.0226030797979090217197928325276734540238976478576660156250000000000000000 0.0044740189078841191908098018359396519372239708900451660156250000000000000 0.0368672495114755124911987138602853519842028617858886718750000000000000000 0.0756229641563037902063371120675583370029926300048828125000000000000000000 0.1232428754030520517970259675166744273155927658081054687500000000000000000 0.1803839000414976523334331659498275257647037506103515625000000000000000000 0.2533223309505985287870544198085553944110870361328125000000000000000000000 0.3384438143816206334690832591149955987930297851562500000000000000000000000 0.4551051966153223937716632008232409134507179260253906250000000000000000000 0.5759958639796870505378478810598608106374740600585937500000000000000000000 0.7670394372472926214356903074076399207115173339843750000000000000000000000 0.8995824813953923193565742622013203799724578857421875000000000000000000000 1.1794765103294357899699207337107509374618530273437500000000000000000000000 1.1794765103293112229465577911469154059886932373046875000000000000000000000 
-0.7899734891790622937080001975118648260831832885742187500000000000000000000 -0.7899734891791300173125023320608306676149368286132812500000000000000000000 -0.4901182270329008661136072078079450875520706176757812500000000000000000000 -0.4337033491179432265205662133666919544339179992675781250000000000000000000 -0.3167463871308635603440961858723312616348266601562500000000000000000000000 -0.2659383349020532083528678413131274282932281494140625000000000000000000000 -0.2120554989414702440342352929292246699333190917968750000000000000000000000 -0.1785426455630479414260491921595530584454536437988281250000000000000000000 -0.1498400968892774354213059950780007056891918182373046875000000000000000000 -0.1289755583350628287409023187137790955603122711181640625000000000000000000 -0.1117872541714219902786453531007282435894012451171875000000000000000000000 -0.0979317836743464203985709559674432966858148574829101562500000000000000000 -0.0858732445493572277284144433906476479023694992065429687500000000000000000 -0.0749440525221557463098065454687457531690597534179687500000000000000000000 -0.0643323406353925875134081024953047744929790496826171875000000000000000000 -0.0534543654155521311133192341458197915926575660705566406250000000000000000 -0.0417128559887578187481693703375640325248241424560546875000000000000000000 -0.0285728608124317454142193639654578873887658119201660156250000000000000000 -0.0134226181919726711422313769617176149040460586547851562500000000000000000 0.0043073623579095469612876279086322028888389468193054199218750000000000000 0.0255061667284062834615276926797378109768033027648925781250000000000000000 0.0507713149012042480601181182464642915874719619750976562500000000000000000 0.0819533520236531837221960472561477217823266983032226562500000000000000000 0.1190643107456472726823903940385207533836364746093750000000000000000000000 0.1674904039532025268322001920751063153147697448730468750000000000000000000 0.2226612480666500526460538367246044799685478210449218750000000000000000000 0.3046148687809751565147564633662113919854164123535156250000000000000000000 0.3830050905170966357715656158688943833112716674804687500000000000000000000 0.5414921812785093990783025219570845365524291992187500000000000000000000000 0.6254783740903896438467768348345998674631118774414062500000000000000000000 0.9771603133284040287875882313528563827276229858398437500000000000000000000 0.9771603133281566710977017464756499975919723510742187500000000000000000000 
-2.3832748416350355569193197879940271377563476562500000000000000000000000000 -2.3832748416351439146865232032723724842071533203125000000000000000000000000 -1.2794343728415009664445278758648782968521118164062500000000000000000000000 -0.9932551047708563229932110516529064625501632690429687500000000000000000000 -0.6566637039524324537254074130032677203416824340820312500000000000000000000 -0.4973866318131696662163676592172123491764068603515625000000000000000000000 -0.3700146238961013467339000726497033610939979553222656250000000000000000000 -0.2938726600275591294142429887870093807578086853027343750000000000000000000 -0.2384161184649120357459395336263696663081645965576171875000000000000000000 -0.2012306142813931331136956259797443635761737823486328125000000000000000000 -0.1738005210575835068897987412128713913261890411376953125000000000000000000 -0.1533147110878502472619544505505473352968692779541015625000000000000000000 -0.1365945294022612166440211467488552443683147430419921875000000000000000000 -0.1218696917649688543638930582346802111715078353881835937500000000000000000 -0.1075511977732538926311178784089861437678337097167968750000000000000000000 -0.0924551151236859408699686468935396987944841384887695312500000000000000000 -0.0754872853575384861191110985600971616804599761962890625000000000000000000 -0.0556501668667011770152974747816188028082251548767089843750000000000000000 -0.0318581145506217702778606337687961058691143989562988281250000000000000000 -0.0029948040633606507095187954092807558481581509113311767578125000000000000 0.0325214007490084305862509950202365871518850326538085937500000000000000000 0.0762336287891608038735924424145196098834276199340820312500000000000000000 0.1314509414276742171878709086740855127573013305664062500000000000000000000 0.2002283740593610583680117542826337739825248718261718750000000000000000000 0.2920705301460307379279868200683267787098884582519531250000000000000000000 0.4065834165015161372203067458031000569462776184082031250000000000000000000 0.5793458408856604346937047012033872306346893310546875000000000000000000000 0.7797029280344555113302362769900355488061904907226562500000000000000000000 1.1734029398809973088191327406093478202819824218750000000000000000000000000 1.4898968700488521843539047040394507348537445068359375000000000000000000000 2.6557157515648874834823800483718514442443847656250000000000000000000000000 2.6557157515648279755282601399812847375869750976562500000000000000000000000 
0.0000000000000000000000000000000000000000000000000000000000000000000000000 0.0000000000000000000000000000000000000000000000000000000000000000000000000 0.0000000000000000000000000000000000000000000000000000000000000000000000000 0.0000000000000000000000000000000000000000000000000000000000000000000000000 0.0000000000000000000000000000000000000000000000000000000000000000000000000 0.0000000000000000000000000000000000000000000000000000000000000000000000000 0.0000000000000000000000000000000000000000000000000000000000000000000000000 0.0000000000000000000000000000000000000000000000000000000000000000000000000 0.0000000000000000000000000000000000000000000000000000000000000000000000000 0.0000000000000000000000000000000000000000000000000000000000000000000000000 0.0000000000000000000000000000000000000000000000000000000000000000000000000 0.0000000000000000000000000000000000000000000000000000000000000000000000000 0.0000000000000000000000000000000000000000000000000000000000000000000000000 0.0000000000000000000000000000000000000000000000000000000000000000000000000 0.0000000000000000000000000000000000000000000000000000000000000000000000000 0.0000000000000000000000000000000000000000000000000000000000000000000000000 0.0000000000000000000000000000000000000000000000000000000000000000000000000 0.0000000000000000000000000000000000000000000000000000000000000000000000000 0.0000000000000000000000000000000000000000000000000000000000000000000000000 0.0000000000000000000000000000000000000000000000000000000000000000000000000 0.0000000000000000000000000000000000000000000000000000000000000000000000000 0.0000000000000000000000000000000000000000000000000000000000000000000000000 0.0000000000000000000000000000000000000000000000000000000000000000000000000 0.0000000000000000000000000000000000000000000000000000000000000000000000000 0.0000000000000000000000000000000000000000000000000000000000000000000000000 0.0000000000000000000000000000000000000000000000000000000000000000000000000 0.0000000000000000000000000000000000000000000000000000000000000000000000000 0.0000000000000000000000000000000000000000000000000000000000000000000000000 0.0000000000000000000000000000000000000000000000000000000000000000000000000 0.0000000000000000000000000000000000000000000000000000000000000000000000000 0.0000000000000000000000000000000000000000000000000000000000000000000000000 0.0000000000000000000000000000000000000000000000000000000000000000000000000 
